tempo	theta	ref	usig
6.220	98.258	50.000	47.622
6.221	98.280	50.000	47.622
6.222	98.374	50.000	47.622
6.223	98.414	50.000	47.622
6.224	98.370	50.000	47.622
6.225	98.403	50.000	47.622
6.226	98.345	50.000	47.622
6.227	98.356	50.000	47.622
6.228	98.309	50.000	47.622
6.229	98.356	50.000	47.622
6.230	98.395	50.000	47.622
6.231	98.399	50.000	47.622
6.232	98.348	50.000	47.622
6.233	98.370	50.000	47.622
6.234	98.323	50.000	47.622
6.235	98.251	50.000	47.622
6.236	98.334	50.000	47.622
6.237	98.319	50.000	47.622
6.238	98.334	50.000	47.622
6.239	98.345	50.000	47.622
6.240	98.305	50.000	47.622
6.241	98.388	50.000	47.622
6.242	98.392	50.000	47.622
6.243	98.388	50.000	47.622
6.244	98.377	50.000	47.622
6.245	98.341	50.000	47.622
6.246	98.392	50.000	47.622
6.247	98.385	50.000	47.622
6.248	98.392	50.000	47.622
6.249	98.363	50.000	47.622
6.250	98.385	50.000	47.622
6.251	98.370	50.000	47.622
6.252	98.435	50.000	47.622
6.253	98.367	50.000	47.622
6.254	98.377	50.000	47.622
6.255	98.377	50.000	47.622
6.256	98.381	50.000	47.622
6.257	98.377	50.000	47.622
6.258	98.403	50.000	47.622
6.259	98.254	50.000	47.622
6.260	98.359	50.000	47.622
6.261	98.374	50.000	47.622
6.262	98.403	50.000	47.622
6.263	98.338	50.000	47.622
6.264	98.381	50.000	47.622
6.265	98.356	50.000	47.622
6.266	98.374	50.000	47.622
6.267	98.377	50.000	47.622
6.268	98.338	50.000	47.622
6.269	98.367	50.000	47.622
6.270	98.356	50.000	47.622
6.271	98.377	50.000	47.622
6.272	98.377	50.000	47.622
6.273	98.363	50.000	47.622
6.274	98.363	50.000	47.622
6.275	98.352	50.000	47.622
6.276	98.359	50.000	47.622
6.277	98.381	50.000	47.622
6.278	98.406	50.000	47.622
6.279	98.417	50.000	47.622
6.280	98.410	50.000	47.622
6.281	98.504	50.000	47.622
6.282	98.309	50.000	47.622
6.283	98.345	50.000	47.622
6.284	98.294	50.000	47.622
6.285	98.298	50.000	47.622
6.286	98.312	50.000	47.622
6.287	98.338	50.000	47.622
6.288	98.522	50.000	47.622
6.289	98.182	50.000	47.622
6.290	98.345	50.000	47.622
6.291	98.399	50.000	47.622
6.292	98.298	50.000	47.622
6.293	98.370	50.000	47.622
6.294	98.356	50.000	47.622
6.295	98.348	50.000	47.622
6.296	98.345	50.000	47.622
6.297	98.348	50.000	47.622
6.298	98.359	50.000	47.622
6.299	98.323	50.000	47.622
6.300	98.345	50.000	47.622
6.301	98.359	50.000	47.622
6.302	98.338	50.000	47.622
6.303	98.377	50.000	47.622
6.304	98.265	50.000	47.622
6.305	98.366	50.000	47.622
6.306	98.424	50.000	47.622
6.307	98.359	50.000	47.622
6.308	98.338	50.000	47.622
6.309	98.392	50.000	47.622
6.310	98.417	50.000	47.622
6.311	98.385	50.000	47.622
6.312	98.370	50.000	47.622
6.313	98.511	50.000	47.622
6.314	98.395	50.000	47.622
6.315	98.312	50.000	47.622
6.316	98.309	50.000	47.622
6.317	98.367	50.000	47.622
6.318	98.377	50.000	47.622
6.319	98.381	50.000	47.622
6.320	98.377	50.000	47.622
6.321	98.338	50.000	47.622
6.322	98.370	50.000	47.622
6.323	98.316	50.000	47.622
6.324	98.338	50.000	47.622
6.325	98.327	50.000	47.622
6.326	98.341	50.000	47.622
6.327	98.388	50.000	47.622
6.328	98.388	50.000	47.622
6.329	98.392	50.000	47.622
6.330	98.395	50.000	47.622
6.331	98.399	50.000	47.622
6.332	98.330	50.000	47.622
6.333	98.395	50.000	47.622
6.334	98.348	50.000	47.622
6.335	98.381	50.000	47.622
6.336	98.374	50.000	47.622
6.337	98.385	50.000	47.622
6.338	98.450	50.000	47.622
6.339	98.406	50.000	47.622
6.340	98.403	50.000	47.622
6.341	98.330	50.000	47.622
6.342	98.403	50.000	47.622
6.343	98.374	50.000	47.622
6.344	98.428	50.000	47.622
6.345	98.399	50.000	47.622
6.346	98.283	50.000	47.622
6.347	98.410	50.000	47.622
6.348	98.367	50.000	47.622
6.349	98.345	50.000	47.622
6.350	98.316	50.000	47.622
6.351	98.341	50.000	47.622
6.352	98.345	50.000	47.622
6.353	98.377	50.000	47.622
6.354	98.395	50.000	47.622
6.355	98.385	50.000	47.622
6.356	98.327	50.000	47.622
6.357	98.334	50.000	47.622
6.358	98.341	50.000	47.622
6.359	98.377	50.000	47.622
6.360	98.352	50.000	47.622
6.361	98.367	50.000	47.622
6.362	98.399	50.000	47.622
6.363	98.385	50.000	47.622
6.364	98.417	50.000	47.622
6.365	98.345	50.000	47.622
6.366	98.406	50.000	47.622
6.367	98.377	50.000	47.622
6.368	98.319	50.000	47.622
6.369	98.428	50.000	47.622
6.370	98.327	50.000	47.622
6.371	98.287	50.000	47.622
6.372	98.330	50.000	47.622
6.373	98.294	50.000	47.622
6.374	98.312	50.000	47.622
6.375	98.526	50.000	47.622
6.376	98.363	50.000	47.622
6.377	98.301	50.000	47.622
6.378	98.370	50.000	47.622
6.379	98.414	50.000	47.622
6.380	98.334	50.000	47.622
6.381	98.236	50.000	47.622
6.382	98.374	50.000	47.622
6.383	98.363	50.000	47.622
6.384	98.352	50.000	47.622
6.385	98.471	50.000	47.622
6.386	98.305	50.000	47.622
6.387	98.374	50.000	47.622
6.388	98.356	50.000	47.622
6.389	98.345	50.000	47.622
6.390	98.334	50.000	47.622
6.391	98.352	50.000	47.622
6.392	98.367	50.000	47.622
6.393	98.309	50.000	47.622
6.394	98.366	50.000	47.622
6.395	98.381	50.000	47.622
6.396	98.283	50.000	47.622
6.397	98.359	50.000	47.622
6.398	98.316	50.000	47.622
6.399	98.287	50.000	47.622
6.400	98.381	50.000	47.622
6.401	98.338	50.000	47.622
6.402	98.356	50.000	47.622
6.403	98.294	50.000	47.622
6.404	98.348	50.000	47.622
6.405	98.345	50.000	47.622
6.406	98.428	50.000	47.622
6.407	98.359	50.000	47.622
6.408	98.414	50.000	47.622
6.409	98.370	50.000	47.622
6.410	98.385	50.000	47.622
6.411	98.345	50.000	47.622
6.412	98.392	50.000	47.622
6.413	98.334	50.000	47.622
6.414	98.370	50.000	47.622
6.415	98.374	50.000	47.622
6.416	98.352	50.000	47.622
6.417	98.385	50.000	47.622
6.418	98.417	50.000	47.622
6.419	98.406	50.000	47.622
6.420	98.446	50.000	47.622
6.421	98.363	50.000	47.622
6.422	98.359	50.000	47.622
6.423	98.442	50.000	47.622
6.424	98.374	50.000	47.622
6.425	98.414	50.000	47.622
6.426	98.388	50.000	47.622
6.427	98.381	50.000	47.622
6.428	98.432	50.000	47.622
6.429	98.367	50.000	47.622
6.430	98.359	50.000	47.622
6.431	98.345	50.000	47.622
6.432	98.334	50.000	47.622
6.433	98.497	50.000	47.622
6.434	98.399	50.000	47.622
6.435	98.410	50.000	47.622
6.436	98.406	50.000	47.622
6.437	98.406	50.000	47.622
6.438	98.363	50.000	47.622
6.439	98.406	50.000	47.622
6.440	98.399	50.000	47.622
6.441	98.385	50.000	47.622
6.442	98.428	50.000	47.622
6.443	98.330	50.000	47.622
6.444	98.432	50.000	47.622
6.445	98.367	50.000	47.622
6.446	98.363	50.000	47.622
6.447	98.392	50.000	47.622
6.448	98.406	50.000	47.622
6.449	98.359	50.000	47.622
6.450	98.363	50.000	47.622
6.451	98.377	50.000	47.622
6.452	98.352	50.000	47.622
6.453	98.345	50.000	47.622
6.454	98.374	50.000	47.622
6.455	98.363	50.000	47.622
6.456	98.497	50.000	47.622
6.457	98.406	50.000	47.622
6.458	98.352	50.000	47.622
6.459	98.348	50.000	47.622
6.460	98.388	50.000	47.622
6.461	98.356	50.000	47.622
6.462	98.370	50.000	47.622
6.463	98.471	50.000	47.622
6.464	98.424	50.000	47.622
6.465	98.305	50.000	47.622
6.466	98.392	50.000	47.622
6.467	98.312	50.000	47.622
6.468	98.341	50.000	47.622
6.469	98.334	50.000	47.622
6.470	98.283	50.000	47.622
6.471	98.254	50.000	47.622
6.472	98.453	50.000	47.622
6.473	98.381	50.000	47.622
6.474	98.367	50.000	47.622
6.475	98.341	50.000	47.622
6.476	98.363	50.000	47.622
6.477	98.348	50.000	47.622
6.478	98.240	50.000	47.622
6.479	98.381	50.000	47.622
6.480	98.370	50.000	47.622
6.481	98.363	50.000	47.622
6.482	98.392	50.000	47.622
6.483	98.327	50.000	47.622
6.484	98.352	50.000	47.622
6.485	98.392	50.000	47.622
6.486	98.410	50.000	47.622
6.487	98.399	50.000	47.622
6.488	98.414	50.000	47.622
6.489	98.399	50.000	47.622
6.490	98.374	50.000	47.622
6.491	98.363	50.000	47.622
6.492	98.338	50.000	47.622
6.493	98.377	50.000	47.622
6.494	98.345	50.000	47.622
6.495	98.428	50.000	47.622
6.496	98.352	50.000	47.622
6.497	98.399	50.000	47.622
6.498	98.446	50.000	47.622
6.499	98.461	50.000	47.622
6.500	98.392	50.000	47.622
6.501	98.395	50.000	47.622
6.502	98.356	50.000	47.622
6.503	98.421	50.000	47.622
6.504	98.428	50.000	47.622
6.505	98.421	50.000	47.622
6.506	98.417	50.000	47.622
6.507	98.395	50.000	47.622
6.508	98.406	50.000	47.622
6.509	98.374	50.000	47.622
6.510	98.338	50.000	47.622
6.511	98.356	50.000	47.622
6.512	98.356	50.000	47.622
6.513	98.374	50.000	47.622
6.514	98.428	50.000	47.622
6.515	98.363	50.000	47.622
6.516	98.338	50.000	47.622
6.517	98.406	50.000	47.622
6.518	98.377	50.000	47.622
6.519	98.367	50.000	47.622
6.520	98.377	50.000	47.622
6.521	98.363	50.000	47.622
6.522	98.316	50.000	47.622
6.523	98.363	50.000	47.622
6.524	98.352	50.000	47.622
6.525	98.348	50.000	47.622
6.526	98.370	50.000	47.622
6.527	98.428	50.000	47.622
6.528	98.356	50.000	47.622
6.529	98.370	50.000	47.622
6.530	98.323	50.000	47.622
6.531	98.312	50.000	47.622
6.532	98.381	50.000	47.622
6.533	98.424	50.000	47.622
6.534	98.359	50.000	47.622
6.535	98.439	50.000	47.622
6.536	98.497	50.000	47.622
6.537	98.381	50.000	47.622
6.538	98.356	50.000	47.622
6.539	98.316	50.000	47.622
6.540	98.345	50.000	47.622
6.541	98.363	50.000	47.622
6.542	98.392	50.000	47.622
6.543	98.294	50.000	47.622
6.544	98.356	50.000	47.622
6.545	98.497	50.000	47.622
6.546	98.432	50.000	47.622
6.547	98.367	50.000	47.622
6.548	98.356	50.000	47.622
6.549	98.334	50.000	47.622
6.550	98.319	50.000	47.622
6.551	98.345	50.000	47.622
6.552	98.392	50.000	47.622
6.553	98.276	50.000	47.622
6.554	98.388	50.000	47.622
6.555	98.381	50.000	47.622
6.556	98.406	50.000	47.622
6.557	98.294	50.000	47.622
6.558	98.374	50.000	47.622
6.559	98.410	50.000	47.622
6.560	98.291	50.000	47.622
6.561	98.211	50.000	47.622
6.562	98.363	50.000	47.622
6.563	98.345	50.000	47.622
6.564	98.345	50.000	47.622
6.565	98.392	50.000	47.622
6.566	98.316	50.000	47.622
6.567	98.330	50.000	47.622
6.568	98.381	50.000	47.622
6.569	98.432	50.000	47.622
6.570	98.406	50.000	47.622
6.571	98.356	50.000	47.622
6.572	98.323	50.000	47.622
6.573	98.348	50.000	47.622
6.574	98.424	50.000	47.622
6.575	98.388	50.000	47.622
6.576	98.442	50.000	47.622
6.577	98.414	50.000	47.622
6.578	98.363	50.000	47.622
6.579	98.395	50.000	47.622
6.580	98.374	50.000	47.622
6.581	98.370	50.000	47.622
6.582	98.359	50.000	47.622
6.583	98.385	50.000	47.622
6.584	98.377	50.000	47.622
6.585	98.428	50.000	47.622
6.586	98.417	50.000	47.622
6.587	98.395	50.000	47.622
6.588	98.406	50.000	47.622
6.589	98.374	50.000	47.622
6.590	98.388	50.000	47.622
6.591	98.363	50.000	47.622
6.592	98.410	50.000	47.622
6.593	98.410	50.000	47.622
6.594	98.414	50.000	47.622
6.595	98.395	50.000	47.622
6.596	98.385	50.000	47.622
6.597	98.377	50.000	47.622
6.598	98.395	50.000	47.622
6.599	98.341	50.000	47.622
6.600	98.377	50.000	47.622
6.601	98.388	50.000	47.622
6.602	98.424	50.000	47.622
6.603	98.399	50.000	47.622
6.604	98.410	50.000	47.622
6.605	98.374	50.000	47.622
6.606	98.392	50.000	47.622
6.607	98.435	50.000	47.622
6.608	98.370	50.000	47.622
6.609	98.410	50.000	47.622
6.610	98.399	50.000	47.622
6.611	98.388	50.000	47.622
6.612	98.276	50.000	47.622
6.613	98.363	50.000	47.622
6.614	98.305	50.000	47.622
6.615	98.377	50.000	47.622
6.616	98.399	50.000	47.622
6.617	98.468	50.000	47.622
6.618	98.500	50.000	47.622
6.619	98.388	50.000	47.622
6.620	98.406	50.000	47.622
6.621	98.356	50.000	47.622
6.622	98.414	50.000	47.622
6.623	98.283	50.000	47.622
6.624	98.406	50.000	47.622
6.625	98.388	50.000	47.622
6.626	98.312	50.000	47.622
6.627	98.482	50.000	47.622
6.628	98.388	50.000	47.622
6.629	98.388	50.000	47.622
6.630	98.410	50.000	47.622
6.631	98.388	50.000	47.622
6.632	98.276	50.000	47.622
6.633	98.316	50.000	47.622
6.634	98.309	50.000	47.622
6.635	98.406	50.000	47.622
6.636	98.327	50.000	47.622
6.637	98.493	50.000	47.622
6.638	98.341	50.000	47.622
6.639	98.356	50.000	47.622
6.640	98.298	50.000	47.622
6.641	98.406	50.000	47.622
6.642	98.450	50.000	47.622
6.643	98.399	50.000	47.622
6.644	98.385	50.000	47.622
6.645	98.327	50.000	47.622
6.646	98.482	50.000	47.622
6.647	98.367	50.000	47.622
6.648	98.359	50.000	47.622
6.649	98.410	50.000	47.622
6.650	98.392	50.000	47.622
6.651	98.330	50.000	47.622
6.652	98.348	50.000	47.622
6.653	98.363	50.000	47.622
6.654	98.330	50.000	47.622
6.655	98.374	50.000	47.622
6.656	98.515	50.000	47.622
6.657	98.439	50.000	47.622
6.658	98.388	50.000	47.622
6.659	98.385	50.000	47.622
6.660	98.381	50.000	47.622
6.661	98.410	50.000	47.622
6.662	98.504	50.000	47.622
6.663	98.370	50.000	47.622
6.664	98.395	50.000	47.622
6.665	98.334	50.000	47.622
6.666	98.370	50.000	47.622
6.667	98.421	50.000	47.622
6.668	98.341	50.000	47.622
6.669	98.345	50.000	47.622
6.670	98.287	50.000	47.622
6.671	98.399	50.000	47.622
6.672	98.363	50.000	47.622
6.673	98.236	50.000	47.622
6.674	98.352	50.000	47.622
6.675	98.309	50.000	47.622
6.676	98.442	50.000	47.622
6.677	98.410	50.000	47.622
6.678	98.388	50.000	47.622
6.679	98.367	50.000	47.622
6.680	98.305	50.000	47.622
6.681	98.392	50.000	47.622
6.682	98.414	50.000	47.622
6.683	98.385	50.000	47.622
6.684	98.370	50.000	47.622
6.685	98.388	50.000	47.622
6.686	98.359	50.000	47.622
6.687	98.367	50.000	47.622
6.688	98.385	50.000	47.622
6.689	98.381	50.000	47.622
6.690	98.403	50.000	47.622
6.691	98.406	50.000	47.622
6.692	98.421	50.000	47.622
6.693	98.211	50.000	47.622
6.694	98.334	50.000	47.622
6.695	98.345	50.000	47.622
6.696	98.334	50.000	47.622
6.697	98.037	50.000	47.622
6.698	97.860	50.000	47.622
6.699	97.849	50.000	47.622
6.700	97.404	50.000	47.622
6.701	97.364	50.000	47.622
6.702	97.172	50.000	47.622
6.703	96.991	50.000	47.622
6.704	96.713	50.000	47.622
6.705	96.680	50.000	47.622
6.706	96.619	50.000	47.622
6.707	96.579	50.000	47.622
6.708	96.572	50.000	47.622
6.709	96.568	50.000	47.622
6.710	96.597	50.000	47.622
6.711	96.615	50.000	47.622
6.712	96.611	50.000	47.622
6.713	96.608	50.000	47.622
6.714	96.608	50.000	47.622
6.715	96.376	50.000	47.622
6.716	96.105	50.000	47.622
6.717	95.960	50.000	47.622
6.718	95.975	50.000	47.622
6.719	95.960	50.000	47.622
6.720	95.928	50.000	47.622
6.721	95.935	50.000	47.622
6.722	95.917	50.000	47.622
6.723	95.848	50.000	47.622
6.724	95.765	50.000	47.622
6.725	95.859	50.000	47.622
6.726	95.826	50.000	47.622
6.727	95.453	50.000	47.622
6.728	95.309	50.000	47.622
6.729	95.197	50.000	47.622
6.730	95.095	50.000	47.622
6.731	94.990	50.000	47.622
6.732	94.958	50.000	47.622
6.733	94.911	50.000	47.622
6.734	94.947	50.000	47.622
6.735	94.882	50.000	47.622
6.736	94.903	50.000	47.622
6.737	94.411	50.000	47.622
6.738	94.408	50.000	47.622
6.739	94.375	50.000	47.622
6.740	94.270	50.000	47.622
6.741	94.310	50.000	47.622
6.742	94.230	50.000	47.622
6.743	94.415	50.000	47.622
6.744	94.176	50.000	47.622
6.745	93.825	50.000	47.622
6.746	93.731	50.000	47.622
6.747	93.615	50.000	47.622
6.748	93.536	50.000	47.622
6.749	93.492	50.000	47.622
6.750	93.525	50.000	47.622
6.751	93.268	50.000	47.622
6.752	92.989	50.000	47.622
6.753	92.862	50.000	47.622
6.754	92.754	50.000	47.622
6.755	92.645	50.000	47.622
6.756	92.653	50.000	47.622
6.757	92.490	50.000	47.622
6.758	92.197	50.000	47.622
6.759	92.008	50.000	47.622
6.760	92.019	50.000	47.622
6.761	92.048	50.000	47.622
6.762	91.885	50.000	47.622
6.763	91.542	50.000	47.622
6.764	91.419	50.000	47.622
6.765	91.230	50.000	47.622
6.766	91.205	50.000	47.622
6.767	91.097	50.000	47.622
6.768	90.814	50.000	47.622
6.769	90.510	50.000	47.622
6.770	90.547	50.000	47.622
6.771	90.366	50.000	47.622
6.772	90.424	50.000	47.622
6.773	90.098	50.000	47.622
6.774	89.855	50.000	47.622
6.775	89.653	50.000	47.622
6.776	89.298	50.000	47.622
6.777	89.240	50.000	47.622
6.778	89.009	50.000	47.622
6.779	88.781	50.000	47.622
6.780	84.854	50.000	47.622
6.781	84.594	50.000	47.622
6.782	84.431	50.000	47.622
6.783	84.232	50.000	47.622
6.784	84.087	50.000	47.622
6.785	83.787	50.000	47.622
6.786	83.468	50.000	47.622
6.787	83.295	50.000	47.622
6.788	83.128	50.000	47.622
6.789	82.817	50.000	47.622
6.790	82.593	50.000	47.622
6.791	82.575	50.000	47.622
6.792	82.234	50.000	47.622
6.793	82.014	50.000	47.622
6.794	81.807	50.000	47.622
6.795	81.435	50.000	47.622
6.796	81.098	50.000	47.622
6.797	80.928	50.000	47.622
6.798	80.845	50.000	47.622
6.799	80.501	50.000	47.622
6.800	80.251	50.000	47.622
6.801	80.190	50.000	47.622
6.802	79.625	50.000	47.622
6.803	79.539	50.000	47.622
6.804	79.434	50.000	47.622
6.805	79.083	50.000	47.622
6.806	78.717	50.000	47.622
6.807	78.598	50.000	47.622
6.808	77.993	50.000	47.622
6.809	77.982	50.000	47.622
6.810	77.740	50.000	47.622
6.811	77.465	50.000	47.622
6.812	77.161	50.000	47.622
6.813	76.893	50.000	47.622
6.814	76.481	50.000	47.622
6.815	76.419	50.000	47.622
6.816	76.238	50.000	47.622
6.817	75.978	50.000	47.622
6.818	75.732	50.000	47.622
6.819	75.486	50.000	47.622
6.820	75.196	50.000	47.622
6.821	74.892	50.000	47.622
6.822	74.704	50.000	47.622
6.823	74.429	50.000	47.622
6.824	74.121	50.000	47.622
6.825	74.002	50.000	47.622
6.826	73.600	50.000	47.622
6.827	73.318	50.000	47.622
6.828	73.090	50.000	47.622
6.829	72.761	50.000	47.622
6.830	72.421	50.000	47.622
6.831	72.298	50.000	47.622
6.832	71.896	50.000	47.622
6.833	71.744	50.000	47.622
6.834	71.458	50.000	47.622
6.835	71.132	50.000	47.622
6.836	70.716	50.000	47.622
6.837	70.597	50.000	47.622
6.838	70.159	50.000	47.622
6.839	69.967	50.000	47.622
6.840	69.721	50.000	47.622
6.841	69.385	50.000	47.622
6.842	69.287	50.000	47.622
6.843	68.755	50.000	47.622
6.844	68.541	50.000	47.622
6.845	68.368	50.000	47.622
6.846	68.093	50.000	47.622
6.847	67.800	50.000	47.622
6.848	67.752	50.000	47.622
6.849	67.300	50.000	47.622
6.850	63.757	50.000	47.622
6.851	63.486	50.000	47.622
6.852	63.421	50.000	47.622
6.853	63.197	50.000	47.622
6.854	62.983	50.000	47.622
6.855	62.476	50.000	47.622
6.856	62.429	50.000	47.622
6.857	62.002	50.000	47.622
6.858	61.894	50.000	47.622
6.859	61.742	50.000	47.622
6.860	61.496	50.000	47.622
6.861	54.465	50.000	47.622
6.862	53.983	50.000	47.622
6.863	60.388	50.000	47.622
6.864	59.723	50.000	47.622
6.865	59.563	50.000	47.622
6.866	59.335	50.000	47.622
6.867	59.053	50.000	47.622
6.868	58.800	50.000	47.622
6.869	58.275	50.000	47.622
6.870	58.087	50.000	47.622
6.871	57.660	50.000	47.622
6.872	57.399	50.000	47.622
6.873	56.842	50.000	47.622
6.874	56.513	50.000	47.622
6.875	56.506	50.000	47.622
6.876	56.144	50.000	47.622
6.877	55.615	50.000	47.622
6.878	55.503	50.000	47.622
6.879	55.062	50.000	47.622
6.880	54.656	50.000	47.622
6.881	54.465	50.000	47.622
6.882	53.983	50.000	47.622
6.883	53.730	50.000	47.622
6.884	53.354	50.000	47.622
6.885	53.079	50.000	47.622
6.886	52.572	50.000	47.622
6.887	52.131	50.000	47.622
6.888	52.008	50.000	47.622
6.889	51.950	50.000	47.622
6.890	51.534	50.000	47.622
6.891	51.313	50.000	47.622
6.892	51.012	50.000	47.622
6.893	50.499	50.000	47.622
6.894	50.289	50.000	47.622
6.895	49.869	50.000	47.622
6.896	49.536	50.000	47.622
6.897	49.323	50.000	47.622
6.898	48.885	50.000	47.622
6.899	48.610	50.000	47.622
6.900	48.396	50.000	47.622
6.901	47.926	50.000	47.622
6.902	47.810	50.000	47.622
6.903	47.376	50.000	47.622
6.904	46.981	50.000	47.622
6.905	46.764	50.000	47.622
6.906	46.413	50.000	47.622
6.907	46.218	50.000	47.622
6.908	46.225	50.000	47.622
6.909	45.794	50.000	47.622
6.910	45.498	50.000	47.622
6.911	45.309	50.000	47.622
6.912	45.031	50.000	47.622
6.913	44.734	50.000	47.622
6.914	44.506	50.000	47.622
6.915	44.224	50.000	47.622
6.916	43.927	50.000	47.622
6.917	43.634	50.000	47.622
6.918	43.352	50.000	47.622
6.919	43.037	50.000	47.622
6.920	43.055	50.000	47.622
6.921	42.519	50.000	47.622
6.922	42.288	50.000	47.622
6.923	42.063	50.000	47.622
6.924	41.687	50.000	47.622
6.925	41.466	50.000	47.622
6.926	41.061	50.000	47.622
6.927	40.576	50.000	47.622
6.928	40.392	50.000	47.622
6.929	40.070	50.000	47.622
6.930	39.762	50.000	47.622
6.931	39.509	50.000	47.622
6.932	39.281	50.000	47.622
6.933	38.912	50.000	47.622
6.934	38.803	50.000	47.622
6.935	38.405	50.000	47.622
6.936	38.159	50.000	47.622
6.937	37.891	50.000	47.622
6.938	37.591	50.000	47.622
6.939	37.327	50.000	47.622
6.940	37.055	50.000	47.622
6.941	36.983	50.000	47.622
6.942	36.661	50.000	47.622
6.943	36.353	50.000	47.622
6.944	36.205	50.000	47.622
6.945	35.883	50.000	47.622
6.946	35.716	50.000	47.622
6.947	35.554	50.000	47.622
6.948	35.318	50.000	47.622
6.949	34.949	50.000	47.622
6.950	34.283	50.000	47.622
6.951	29.778	50.000	47.622
6.952	29.630	50.000	47.622
6.953	29.282	50.000	47.622
6.954	29.058	50.000	47.622
6.955	28.924	50.000	47.622
6.956	28.725	50.000	47.622
6.957	28.446	50.000	47.622
6.958	28.226	50.000	47.622
6.959	28.128	50.000	47.622
6.960	27.817	50.000	47.622
6.961	27.665	50.000	47.622
6.962	27.419	50.000	47.622
6.963	27.321	50.000	47.622
6.964	27.053	50.000	47.622
6.965	26.753	50.000	47.622
6.966	26.659	50.000	47.622
6.967	26.518	50.000	47.622
6.968	30.495	50.000	47.622
6.969	30.154	50.000	47.622
6.970	25.801	50.000	47.622
6.971	25.649	50.000	47.622
6.972	25.580	50.000	47.622
6.973	25.320	50.000	47.622
6.974	25.067	50.000	47.622
6.975	24.954	50.000	47.622
6.976	24.842	50.000	47.622
6.977	24.737	50.000	47.622
6.978	24.325	50.000	47.622
6.979	24.270	50.000	47.622
6.980	24.176	50.000	47.622
6.981	23.919	50.000	47.622
6.982	23.587	50.000	47.622
6.983	23.380	50.000	47.622
6.984	23.369	50.000	47.622
6.985	23.170	50.000	47.622
6.986	22.975	50.000	47.622
6.987	22.211	50.000	47.622
6.988	22.439	50.000	47.622
6.989	22.374	50.000	47.622
6.990	22.313	50.000	47.622
6.991	22.132	50.000	47.622
6.992	21.933	50.000	47.622
6.993	21.712	50.000	47.622
6.994	21.632	50.000	47.622
6.995	21.549	50.000	47.622
6.996	21.433	50.000	47.622
6.997	21.158	50.000	47.622
6.998	20.909	50.000	47.622
6.999	20.753	50.000	47.622
7.000	20.797	50.000	47.622
7.001	20.677	50.000	47.622
7.002	20.446	50.000	47.622
7.003	20.120	50.000	47.622
7.004	20.066	50.000	47.622
7.005	20.051	50.000	47.622
7.006	19.993	50.000	47.622
7.007	19.863	50.000	47.622
7.008	19.657	50.000	47.622
7.009	19.487	50.000	47.622
7.010	19.269	50.000	47.622
7.011	19.288	50.000	47.622
7.012	19.049	50.000	47.622
7.013	19.031	50.000	47.622
7.014	19.031	50.000	47.622
7.015	18.633	50.000	47.622
7.016	18.462	50.000	47.622
7.017	18.408	50.000	47.622
7.018	18.386	50.000	47.622
7.019	18.242	50.000	47.622
7.020	18.213	50.000	47.622
7.021	18.267	50.000	47.622
7.022	18.177	50.000	47.622
7.023	17.891	50.000	47.622
7.024	17.746	50.000	47.622
7.025	17.659	50.000	47.622
7.026	17.504	50.000	47.622
7.027	17.554	50.000	47.622
7.028	17.409	50.000	47.622
7.029	17.500	50.000	47.622
7.030	17.446	50.000	47.622
7.031	15.738	50.000	47.622
7.032	15.763	50.000	47.622
7.033	16.722	50.000	47.622
7.034	16.783	50.000	47.622
7.035	16.693	50.000	47.622
7.036	16.693	50.000	47.622
7.037	16.635	50.000	47.622
7.038	16.530	50.000	47.622
7.039	16.447	50.000	47.622
7.040	15.792	50.000	47.622
7.041	15.792	50.000	47.622
7.042	15.748	50.000	47.622
7.043	15.752	50.000	47.622
7.044	15.691	50.000	47.622
7.045	15.756	50.000	47.622
7.046	15.665	50.000	47.622
7.047	15.730	50.000	47.622
7.048	15.701	50.000	47.622
7.049	15.741	50.000	47.622
7.050	15.730	50.000	47.622
7.051	15.683	50.000	47.622
7.052	15.662	50.000	47.622
7.053	15.741	50.000	47.622
7.054	15.701	50.000	47.622
7.055	15.636	50.000	47.622
7.056	15.705	50.000	47.622
7.057	15.691	50.000	47.622
7.058	15.705	50.000	47.622
7.059	15.687	50.000	47.622
7.060	15.596	50.000	47.622
7.061	15.701	50.000	47.622
7.062	15.705	50.000	47.622
7.063	15.687	50.000	47.622
7.064	15.698	50.000	47.622
7.065	15.741	50.000	47.622
7.066	15.861	50.000	47.622
7.067	15.698	50.000	47.622
7.068	15.792	50.000	47.622
7.069	15.738	50.000	47.622
7.070	15.683	50.000	47.622
7.071	15.691	50.000	47.622
7.072	15.665	50.000	47.622
7.073	15.680	50.000	47.622
7.074	15.698	50.000	47.622
7.075	15.752	50.000	47.622
7.076	15.683	50.000	47.622
7.077	15.647	50.000	47.622
7.078	15.738	50.000	47.622
7.079	15.672	50.000	47.622
7.080	15.658	50.000	47.622
7.081	15.654	50.000	47.622
7.082	15.658	50.000	47.622
7.083	15.723	50.000	47.622
7.084	15.698	50.000	47.622
7.085	15.720	50.000	47.622
7.086	15.709	50.000	47.622
7.087	15.730	50.000	47.622
7.088	15.676	50.000	47.622
7.089	15.720	50.000	47.622
7.090	15.676	50.000	47.622
7.091	15.672	50.000	47.622
7.092	15.683	50.000	47.622
7.093	15.770	50.000	47.622
7.094	15.723	50.000	47.622
7.095	15.748	50.000	47.622
7.096	15.893	50.000	47.622
7.097	16.161	50.000	47.622
7.098	16.306	50.000	47.622
7.099	16.501	50.000	47.622
7.100	16.519	50.000	47.622
7.101	16.472	50.000	47.622
7.102	16.403	50.000	47.622
7.103	16.364	50.000	47.622
7.104	16.472	50.000	47.622
7.105	16.700	50.000	47.622
7.106	17.037	50.000	47.622
7.107	17.131	50.000	47.622
7.108	17.301	50.000	47.622
7.109	17.294	50.000	47.622
7.110	19.389	50.000	47.622
7.111	19.552	50.000	47.622
7.112	19.631	50.000	47.622
7.113	19.704	50.000	47.622
7.114	19.678	50.000	47.622
7.115	19.787	50.000	47.622
7.116	19.971	50.000	47.622
7.117	20.098	50.000	47.622
7.118	20.330	50.000	47.622
7.119	18.064	50.000	47.622
7.120	20.420	50.000	47.622
7.121	20.395	50.000	47.622
7.122	20.601	50.000	47.622
7.123	20.851	50.000	47.622
7.124	20.898	50.000	47.622
7.125	21.245	50.000	47.622
7.126	21.097	50.000	47.622
7.127	21.224	50.000	47.622
7.128	21.462	50.000	47.622
7.129	21.886	50.000	47.622
7.130	22.045	50.000	47.622
7.131	21.973	50.000	47.622
7.132	21.911	50.000	47.622
7.133	22.128	50.000	47.622
7.134	22.331	50.000	47.622
7.135	22.555	50.000	47.622
7.136	22.505	50.000	47.622
7.137	22.508	50.000	47.622
7.138	22.573	50.000	47.622
7.139	22.979	50.000	47.622
7.140	23.134	50.000	47.622
7.141	23.655	50.000	47.622
7.142	23.742	50.000	47.622
7.143	23.847	50.000	47.622
7.144	23.956	50.000	47.622
7.145	24.223	50.000	47.622
7.146	24.393	50.000	47.622
7.147	24.462	50.000	47.622
7.148	24.708	50.000	47.622
7.149	24.705	50.000	47.622
7.150	24.933	50.000	47.622
7.151	25.114	50.000	47.622
7.152	25.284	50.000	47.622
7.153	25.320	50.000	47.622
7.154	25.414	50.000	47.622
7.155	25.765	50.000	47.622
7.156	25.935	50.000	47.622
7.157	26.102	50.000	47.622
7.158	26.116	50.000	47.622
7.159	26.221	50.000	47.622
7.160	26.565	50.000	47.622
7.161	26.775	50.000	47.622
7.162	26.804	50.000	47.622
7.163	27.013	50.000	47.622
7.164	27.169	50.000	47.622
7.165	27.487	50.000	47.622
7.166	27.618	50.000	47.622
7.167	27.650	50.000	47.622
7.168	27.810	50.000	47.622
7.169	27.911	50.000	47.622
7.170	28.374	50.000	47.622
7.171	28.465	50.000	47.622
7.172	28.588	50.000	47.622
7.173	28.613	50.000	47.622
7.174	28.968	50.000	47.622
7.175	29.181	50.000	47.622
7.176	29.340	50.000	47.622
7.177	29.420	50.000	47.622
7.178	29.518	50.000	47.622
7.179	29.923	50.000	47.622
7.180	30.115	50.000	47.622
7.181	30.140	50.000	47.622
7.182	30.191	50.000	47.622
7.183	30.466	50.000	47.622
7.184	30.925	50.000	47.622
7.185	31.218	50.000	47.622
7.186	31.153	50.000	47.622
7.187	31.280	50.000	47.622
7.188	31.620	50.000	47.622
7.189	31.924	50.000	47.622
7.190	32.127	50.000	47.622
7.191	32.101	50.000	47.622
7.192	35.829	50.000	47.622
7.193	35.836	50.000	47.622
7.194	35.908	50.000	47.622
7.195	36.187	50.000	47.622
7.196	36.462	50.000	47.622
7.197	36.617	50.000	47.622
7.198	36.559	50.000	47.622
7.199	36.835	50.000	47.622
7.200	37.272	50.000	47.622
7.201	37.272	50.000	47.622
7.202	37.294	50.000	47.622
7.203	37.533	50.000	47.622
7.204	37.833	50.000	47.622
7.205	38.159	50.000	47.622
7.206	38.155	50.000	47.622
7.207	38.427	50.000	47.622
7.208	34.938	50.000	47.622
7.209	34.982	50.000	47.622
7.210	39.078	50.000	47.622
7.211	39.103	50.000	47.622
7.212	39.310	50.000	47.622
7.213	39.603	50.000	47.622
7.214	39.780	50.000	47.622
7.215	39.838	50.000	47.622
7.216	39.903	50.000	47.622
7.217	40.341	50.000	47.622
7.218	40.533	50.000	47.622
7.219	40.598	50.000	47.622
7.220	40.786	50.000	47.622
7.221	41.043	50.000	47.622
7.222	41.434	50.000	47.622
7.223	41.571	50.000	47.622
7.224	41.629	50.000	47.622
7.225	41.778	50.000	47.622
7.226	42.248	50.000	47.622
7.227	42.501	50.000	47.622
7.228	42.451	50.000	47.622
7.229	42.480	50.000	47.622
7.230	42.718	50.000	47.622
7.231	43.015	50.000	47.622
7.232	43.124	50.000	47.622
7.233	43.272	50.000	47.622
7.234	43.750	50.000	47.622
7.235	43.974	50.000	47.622
7.236	44.007	50.000	47.622
7.237	44.025	50.000	47.622
7.238	44.231	50.000	47.622
7.239	44.607	50.000	47.622
7.240	44.778	50.000	47.622
7.241	44.948	50.000	47.622
7.242	44.929	50.000	47.622
7.243	45.277	50.000	47.622
7.244	45.588	50.000	47.622
7.245	45.668	50.000	47.622
7.246	45.606	50.000	47.622
7.247	45.907	50.000	47.622
7.248	46.261	50.000	47.622
7.249	46.319	50.000	47.622
7.250	46.297	50.000	47.622
7.251	46.467	50.000	47.622
7.252	46.782	50.000	47.622
7.253	47.133	50.000	47.622
7.254	47.216	50.000	47.622
7.255	47.394	50.000	47.622
7.256	47.448	50.000	47.622
7.257	47.806	50.000	47.622
7.258	47.998	50.000	47.622
7.259	48.045	50.000	47.622
7.260	48.143	50.000	47.622
7.261	48.472	50.000	47.622
7.262	48.700	50.000	47.622
7.263	48.841	50.000	47.622
7.264	48.968	50.000	47.622
7.265	49.095	50.000	47.622
7.266	49.532	50.000	47.622
7.267	49.757	50.000	47.622
7.268	49.840	50.000	47.622
7.269	49.807	50.000	47.622
7.270	53.368	50.000	47.622
7.271	53.694	50.000	47.622
7.272	53.965	50.000	47.622
7.273	54.262	50.000	47.622
7.274	54.353	50.000	47.622
7.275	54.360	50.000	47.622
7.276	54.414	50.000	47.622
7.277	54.740	50.000	47.622
7.278	54.975	50.000	47.622
7.279	55.120	50.000	47.622
7.280	55.290	50.000	47.622
7.281	55.427	50.000	47.622
7.282	55.427	50.000	47.622
7.283	55.579	50.000	47.622
7.284	55.814	50.000	47.622
7.285	55.999	50.000	47.622
7.286	56.082	50.000	47.622
7.287	56.151	50.000	47.622
7.288	56.158	50.000	47.622
7.289	56.484	50.000	47.622
7.290	56.661	50.000	47.622
7.291	56.896	50.000	47.622
7.292	56.875	50.000	47.622
7.293	57.001	50.000	47.622
7.294	56.947	50.000	47.622
7.295	57.287	50.000	47.622
7.296	57.562	50.000	47.622
7.297	57.678	50.000	47.622
7.298	57.667	50.000	47.622
7.299	57.707	50.000	47.622
7.300	57.837	50.000	47.622
7.301	57.855	50.000	47.622
7.302	58.036	50.000	47.622
7.303	58.311	50.000	47.622
7.304	58.521	50.000	47.622
7.305	58.637	50.000	47.622
7.306	58.648	50.000	47.622
7.307	58.539	50.000	47.622
7.308	58.879	50.000	47.622
7.309	59.133	50.000	47.622
7.310	59.267	50.000	47.622
7.311	59.364	50.000	47.622
7.312	59.317	50.000	47.622
7.313	59.375	50.000	47.622
7.314	59.444	50.000	47.622
7.315	59.506	50.000	47.622
7.316	59.563	50.000	47.622
7.317	59.639	50.000	47.622
7.318	59.824	50.000	47.622
7.319	59.712	50.000	47.622
7.320	60.161	50.000	47.622
7.321	60.388	50.000	47.622
7.322	60.472	50.000	47.622
7.323	60.381	50.000	47.622
7.324	60.718	50.000	47.622
7.325	61.018	50.000	47.622
7.326	61.105	50.000	47.622
7.327	61.087	50.000	47.622
7.328	61.235	50.000	47.622
7.329	61.261	50.000	47.622
7.330	61.318	50.000	47.622
7.331	61.394	50.000	47.622
7.332	61.271	50.000	47.622
7.333	61.333	50.000	47.622
7.334	61.550	50.000	47.622
7.335	61.858	50.000	47.622
7.336	61.934	50.000	47.622
7.337	61.937	50.000	47.622
7.338	61.966	50.000	47.622
7.339	62.021	50.000	47.622
7.340	62.053	50.000	47.622
7.341	61.992	50.000	47.622
7.342	62.017	50.000	47.622
7.343	62.010	50.000	47.622
7.344	62.144	50.000	47.622
7.345	62.415	50.000	47.622
7.346	62.639	50.000	47.622
7.347	62.672	50.000	47.622
7.348	62.777	50.000	47.622
7.349	62.882	50.000	47.622
7.350	62.853	50.000	47.622
7.351	62.809	50.000	47.622
7.352	62.903	50.000	47.622
7.353	62.831	50.000	47.622
7.354	62.911	50.000	47.622
7.355	62.878	50.000	47.622
7.356	62.976	50.000	47.622
7.357	63.084	50.000	47.622
7.358	63.421	50.000	47.622
7.359	63.577	50.000	47.622
7.360	63.544	50.000	47.622
7.361	63.678	50.000	47.622
7.362	63.613	50.000	47.622
7.363	63.692	50.000	47.622
7.364	63.714	50.000	47.622
7.365	63.700	50.000	47.622
7.366	63.678	50.000	47.622
7.367	63.663	50.000	47.622
7.368	63.631	50.000	47.622
7.369	63.714	50.000	47.622
7.370	63.580	50.000	47.622
7.371	64.478	50.000	47.622
7.372	64.532	50.000	47.622
7.373	64.445	50.000	47.622
7.374	64.485	50.000	47.622
7.375	64.474	50.000	47.622
7.376	64.597	50.000	47.622
7.377	64.557	50.000	47.622
7.378	64.496	50.000	47.622
7.379	64.427	50.000	47.622
7.380	64.525	50.000	47.622
7.381	64.554	50.000	47.622
7.382	64.445	50.000	47.622
7.383	64.467	50.000	47.622
7.384	64.557	50.000	47.622
7.385	64.601	50.000	47.622
7.386	64.586	50.000	47.622
7.387	64.579	50.000	47.622
7.388	64.684	50.000	47.622
7.389	64.590	50.000	47.622
7.390	64.507	50.000	47.622
7.391	64.492	50.000	47.622
7.392	64.543	50.000	47.622
7.393	64.651	50.000	47.622
7.394	64.485	50.000	47.622
7.395	64.568	50.000	47.622
7.396	64.510	50.000	47.622
7.397	64.554	50.000	47.622
7.398	64.514	50.000	47.622
7.399	64.405	50.000	47.622
7.400	64.503	50.000	47.622
7.401	64.496	50.000	47.622
7.402	64.575	50.000	47.622
7.403	64.611	50.000	47.622
7.404	64.517	50.000	47.622
7.405	64.517	50.000	47.622
7.406	64.539	50.000	47.622
7.407	64.420	50.000	47.622
7.408	64.481	50.000	47.622
7.409	64.463	50.000	47.622
7.410	64.340	50.000	47.622
7.411	64.206	50.000	47.622
7.412	64.032	50.000	47.622
7.413	63.891	50.000	47.622
7.414	63.823	50.000	47.622
7.415	63.757	50.000	47.622
7.416	63.786	50.000	47.622
7.417	63.718	50.000	47.622
7.418	63.696	50.000	47.622
7.419	63.678	50.000	47.622
7.420	63.703	50.000	47.622
7.421	63.721	50.000	47.622
7.422	63.714	50.000	47.622
7.423	63.689	50.000	47.622
7.424	63.710	50.000	47.622
7.425	63.700	50.000	47.622
7.426	63.725	50.000	47.622
7.427	63.721	50.000	47.622
7.428	63.739	50.000	47.622
7.429	63.703	50.000	47.622
7.430	63.504	50.000	47.622
7.431	63.215	50.000	47.622
7.432	63.048	50.000	47.622
7.433	62.976	50.000	47.622
7.434	63.001	50.000	47.622
7.435	62.907	50.000	47.622
7.436	62.994	50.000	47.622
7.437	63.063	50.000	47.622
7.438	62.958	50.000	47.622
7.439	62.838	50.000	47.622
7.440	62.878	50.000	47.622
7.441	62.932	50.000	47.622
7.442	62.820	50.000	47.622
7.443	62.762	50.000	47.622
7.444	62.429	50.000	47.622
7.445	62.212	50.000	47.622
7.446	62.180	50.000	47.622
7.447	62.118	50.000	47.622
7.448	62.086	50.000	47.622
7.449	62.096	50.000	47.622
7.450	62.299	50.000	47.622
7.451	60.588	50.000	47.622
7.452	60.515	50.000	47.622
7.453	60.508	50.000	47.622
7.454	60.349	50.000	47.622
7.455	60.497	50.000	47.622
7.456	60.537	50.000	47.622
7.457	59.860	50.000	47.622
7.458	59.563	50.000	47.622
7.459	59.563	50.000	47.622
7.460	59.658	50.000	47.622
7.461	59.527	50.000	47.622
7.462	59.513	50.000	47.622
7.463	59.502	50.000	47.622
7.464	59.549	50.000	47.622
7.465	59.495	50.000	47.622
7.466	61.181	50.000	47.622
7.467	60.975	50.000	47.622
7.468	60.848	50.000	47.622
7.469	60.913	50.000	47.622
7.470	58.898	50.000	47.622
7.471	58.760	50.000	47.622
7.472	58.724	50.000	47.622
7.473	58.785	50.000	47.622
7.474	58.717	50.000	47.622
7.475	58.626	50.000	47.622
7.476	58.156	50.000	47.622
7.477	58.040	50.000	47.622
7.478	58.036	50.000	47.622
7.479	57.921	50.000	47.622
7.480	57.877	50.000	47.622
7.481	57.794	50.000	47.622
7.482	57.895	50.000	47.622
7.483	57.873	50.000	47.622
7.484	57.638	50.000	47.622
7.485	57.356	50.000	47.622
7.486	57.273	50.000	47.622
7.487	57.186	50.000	47.622
7.488	57.041	50.000	47.622
7.489	57.153	50.000	47.622
7.490	57.128	50.000	47.622
7.491	56.875	50.000	47.622
7.492	56.824	50.000	47.622
7.493	56.640	50.000	47.622
7.494	56.357	50.000	47.622
7.495	56.194	50.000	47.622
7.496	56.422	50.000	47.622
7.497	56.372	50.000	47.622
7.498	56.346	50.000	47.622
7.499	56.379	50.000	47.622
7.500	55.952	50.000	47.622
7.501	55.814	50.000	47.622
7.502	55.315	50.000	47.622
7.503	55.192	50.000	47.622
7.504	55.304	50.000	47.622
7.505	55.380	50.000	47.622
7.506	55.511	50.000	47.622
7.507	55.355	50.000	47.622
7.508	54.946	50.000	47.622
7.509	54.613	50.000	47.622
7.510	54.392	50.000	47.622
7.511	54.273	50.000	47.622
7.512	54.211	50.000	47.622
7.513	54.381	50.000	47.622
7.514	54.429	50.000	47.622
7.515	54.193	50.000	47.622
7.516	53.792	50.000	47.622
7.517	53.433	50.000	47.622
7.518	53.350	50.000	47.622
7.519	53.325	50.000	47.622
7.520	53.585	50.000	47.622
7.521	53.556	50.000	47.622
7.522	53.260	50.000	47.622
7.523	53.079	50.000	47.622
7.524	52.739	50.000	47.622
7.525	52.634	50.000	47.622
7.526	52.569	50.000	47.622
7.527	52.569	50.000	47.622
7.528	52.398	50.000	47.622
7.529	52.029	50.000	47.622
7.530	49.905	50.000	47.622
7.531	49.800	50.000	47.622
7.532	49.518	50.000	47.622
7.533	49.214	50.000	47.622
7.534	49.116	50.000	47.622
7.535	49.134	50.000	47.622
7.536	49.152	50.000	47.622
7.537	49.105	50.000	47.622
7.538	48.776	50.000	47.622
7.539	48.523	50.000	47.622
7.540	48.436	50.000	47.622
7.541	48.360	50.000	47.622
7.542	48.284	50.000	47.622
7.543	48.367	50.000	47.622
7.544	48.280	50.000	47.622
7.545	48.204	50.000	47.622
7.546	47.814	50.000	47.622
7.547	47.528	50.000	47.622
7.548	47.564	50.000	47.622
7.549	47.463	50.000	47.622
7.550	47.452	50.000	47.622
7.551	47.340	50.000	47.622
7.552	47.155	50.000	47.622
7.553	46.999	50.000	47.622
7.554	46.804	50.000	47.622
7.555	46.746	50.000	47.622
7.556	46.630	50.000	47.622
7.557	46.674	50.000	47.622
7.558	46.590	50.000	47.622
7.559	46.543	50.000	47.622
7.560	46.337	50.000	47.622
7.561	46.218	50.000	47.622
7.562	46.055	50.000	47.622
7.563	45.939	50.000	47.622
7.564	45.914	50.000	47.622
7.565	45.834	50.000	47.622
7.566	45.784	50.000	47.622
7.567	45.704	50.000	47.622
7.568	45.512	50.000	47.622
7.569	45.346	50.000	47.622
7.570	45.143	50.000	47.622
7.571	45.005	50.000	47.622
7.572	45.201	50.000	47.622
7.573	45.121	50.000	47.622
7.574	45.092	50.000	47.622
7.575	44.785	50.000	47.622
7.576	44.510	50.000	47.622
7.577	44.369	50.000	47.622
7.578	44.343	50.000	47.622
7.579	44.361	50.000	47.622
7.580	44.293	50.000	47.622
7.581	44.322	50.000	47.622
7.582	44.264	50.000	47.622
7.583	44.007	50.000	47.622
7.584	43.855	50.000	47.622
7.585	43.612	50.000	47.622
7.586	43.529	50.000	47.622
7.587	43.496	50.000	47.622
7.588	43.431	50.000	47.622
7.589	43.410	50.000	47.622
7.590	43.482	50.000	47.622
7.591	43.345	50.000	47.622
7.592	43.113	50.000	47.622
7.593	42.896	50.000	47.622
7.594	42.823	50.000	47.622
7.595	42.805	50.000	47.622
7.596	42.758	50.000	47.622
7.597	42.773	50.000	47.622
7.598	42.708	50.000	47.622
7.599	42.679	50.000	47.622
7.600	41.456	50.000	47.622
7.601	41.021	50.000	47.622
7.602	41.010	50.000	47.622
7.603	40.739	50.000	47.622
7.604	40.822	50.000	47.622
7.605	40.869	50.000	47.622
7.606	40.757	50.000	47.622
7.607	40.743	50.000	47.622
7.608	40.898	50.000	47.622
7.609	40.793	50.000	47.622
7.610	40.598	50.000	47.622
7.611	38.886	50.000	47.622
7.612	38.695	50.000	47.622
7.613	40.164	50.000	47.622
7.614	40.080	50.000	47.622
7.615	39.990	50.000	47.622
7.616	39.979	50.000	47.622
7.617	39.986	50.000	47.622
7.618	40.142	50.000	47.622
7.619	40.073	50.000	47.622
7.620	39.711	50.000	47.622
7.621	39.581	50.000	47.622
7.622	39.393	50.000	47.622
7.623	39.360	50.000	47.622
7.624	39.324	50.000	47.622
7.625	39.299	50.000	47.622
7.626	39.245	50.000	47.622
7.627	39.198	50.000	47.622
7.628	39.208	50.000	47.622
7.629	39.208	50.000	47.622
7.630	37.471	50.000	47.622
7.631	38.886	50.000	47.622
7.632	38.695	50.000	47.622
7.633	38.608	50.000	47.622
7.634	38.579	50.000	47.622
7.635	38.579	50.000	47.622
7.636	38.427	50.000	47.622
7.637	38.409	50.000	47.622
7.638	38.365	50.000	47.622
7.639	38.543	50.000	47.622
7.640	37.471	50.000	47.622
7.641	37.605	50.000	47.622
7.642	37.652	50.000	47.622
7.643	37.569	50.000	47.622
7.644	37.678	50.000	47.622
7.645	37.660	50.000	47.622
7.646	37.707	50.000	47.622
7.647	37.678	50.000	47.622
7.648	37.479	50.000	47.622
7.649	37.240	50.000	47.622
7.650	37.124	50.000	47.622
7.651	36.968	50.000	47.622
7.652	36.939	50.000	47.622
7.653	36.947	50.000	47.622
7.654	37.001	50.000	47.622
7.655	36.863	50.000	47.622
7.656	36.809	50.000	47.622
7.657	36.795	50.000	47.622
7.658	36.842	50.000	47.622
7.659	36.892	50.000	47.622
7.660	36.903	50.000	47.622
7.661	36.845	50.000	47.622
7.662	36.806	50.000	47.622
7.663	36.787	50.000	47.622
7.664	36.838	50.000	47.622
7.665	36.853	50.000	47.622
7.666	36.787	50.000	47.622
7.667	36.882	50.000	47.622
7.668	36.853	50.000	47.622
7.669	36.661	50.000	47.622
7.670	36.371	50.000	47.622
7.671	36.263	50.000	47.622
7.672	36.132	50.000	47.622
7.673	36.064	50.000	47.622
7.674	36.031	50.000	47.622
7.675	36.046	50.000	47.622
7.676	36.136	50.000	47.622
7.677	35.915	50.000	47.622
7.678	35.952	50.000	47.622
7.679	35.908	50.000	47.622
7.680	35.915	50.000	47.622
7.681	35.937	50.000	47.622
7.682	35.952	50.000	47.622
7.683	35.970	50.000	47.622
7.684	36.013	50.000	47.622
7.685	35.973	50.000	47.622
7.686	36.046	50.000	47.622
7.687	35.959	50.000	47.622
7.688	35.937	50.000	47.622
7.689	35.908	50.000	47.622
7.690	35.944	50.000	47.622
7.691	36.035	50.000	47.622
7.692	35.955	50.000	47.622
7.693	35.894	50.000	47.622
7.694	36.020	50.000	47.622
7.695	35.933	50.000	47.622
7.696	35.952	50.000	47.622
7.697	35.955	50.000	47.622
7.698	35.937	50.000	47.622
7.699	36.024	50.000	47.622
7.700	36.046	50.000	47.622
7.701	35.941	50.000	47.622
7.702	35.930	50.000	47.622
7.703	35.926	50.000	47.622
7.704	35.970	50.000	47.622
7.705	35.854	50.000	47.622
7.706	35.901	50.000	47.622
7.707	35.952	50.000	47.622
7.708	35.995	50.000	47.622
7.709	35.966	50.000	47.622
7.710	36.009	50.000	47.622
7.711	35.901	50.000	47.622
7.712	35.901	50.000	47.622
7.713	36.002	50.000	47.622
7.714	35.991	50.000	47.622
7.715	35.897	50.000	47.622
7.716	36.075	50.000	47.622
7.717	35.948	50.000	47.622
7.718	35.905	50.000	47.622
7.719	35.955	50.000	47.622
7.720	35.962	50.000	47.622
7.721	35.977	50.000	47.622
7.722	36.013	50.000	47.622
7.723	35.962	50.000	47.622
7.724	35.937	50.000	47.622
7.725	35.977	50.000	47.622
7.726	35.930	50.000	47.622
7.727	35.970	50.000	47.622
7.728	35.937	50.000	47.622
7.729	35.908	50.000	47.622
7.730	36.013	50.000	47.622
7.731	35.836	50.000	47.622
7.732	35.937	50.000	47.622
7.733	35.890	50.000	47.622
7.734	35.901	50.000	47.622
7.735	35.984	50.000	47.622
7.736	35.926	50.000	47.622
7.737	35.941	50.000	47.622
7.738	35.959	50.000	47.622
7.739	35.973	50.000	47.622
7.740	36.067	50.000	47.622
7.741	35.981	50.000	47.622
7.742	35.937	50.000	47.622
7.743	35.973	50.000	47.622
7.744	35.915	50.000	47.622
7.745	35.991	50.000	47.622
7.746	36.056	50.000	47.622
7.747	35.970	50.000	47.622
7.748	36.161	50.000	47.622
7.749	36.049	50.000	47.622
7.750	36.013	50.000	47.622
7.751	35.981	50.000	47.622
7.752	35.944	50.000	47.622
7.753	35.933	50.000	47.622
7.754	35.872	50.000	47.622
7.755	35.944	50.000	47.622
7.756	35.948	50.000	47.622
7.757	35.915	50.000	47.622
7.758	35.937	50.000	47.622
7.759	35.912	50.000	47.622
7.760	35.890	50.000	47.622
7.761	35.865	50.000	47.622
7.762	35.886	50.000	47.622
7.763	35.905	50.000	47.622
7.764	36.013	50.000	47.622
7.765	35.984	50.000	47.622
7.766	36.053	50.000	47.622
7.767	36.075	50.000	47.622
7.768	36.064	50.000	47.622
7.769	36.223	50.000	47.622
7.770	36.295	50.000	47.622
7.771	37.200	50.000	47.622
7.772	37.356	50.000	47.622
7.773	37.403	50.000	47.622
7.774	37.471	50.000	47.622
7.775	37.569	50.000	47.622
7.776	37.645	50.000	47.622
7.777	37.573	50.000	47.622
7.778	37.627	50.000	47.622
7.779	37.569	50.000	47.622
7.780	37.555	50.000	47.622
7.781	37.515	50.000	47.622
7.782	37.518	50.000	47.622
7.783	37.562	50.000	47.622
7.784	37.602	50.000	47.622
7.785	37.634	50.000	47.622
7.786	37.721	50.000	47.622
7.787	37.953	50.000	47.622
7.788	38.181	50.000	47.622
7.789	38.246	50.000	47.622
7.790	38.336	50.000	47.622
7.791	38.286	50.000	47.622
7.792	38.322	50.000	47.622
7.793	38.401	50.000	47.622
7.794	38.322	50.000	47.622
7.795	38.315	50.000	47.622
7.796	38.340	50.000	47.622
7.797	38.318	50.000	47.622
7.798	38.419	50.000	47.622
7.799	38.394	50.000	47.622
7.800	38.398	50.000	47.622
7.801	38.387	50.000	47.622
7.802	38.430	50.000	47.622
7.803	38.561	50.000	47.622
7.804	38.658	50.000	47.622
7.805	38.771	50.000	47.622
7.806	38.955	50.000	47.622
7.807	39.082	50.000	47.622
7.808	39.060	50.000	47.622
7.809	39.085	50.000	47.622
7.810	39.252	50.000	47.622
7.811	39.216	50.000	47.622
7.812	39.248	50.000	47.622
7.813	39.259	50.000	47.622
7.814	39.136	50.000	47.622
7.815	39.234	50.000	47.622
7.816	39.245	50.000	47.622
7.817	39.230	50.000	47.622
7.818	39.393	50.000	47.622
7.819	39.740	50.000	47.622
7.820	39.860	50.000	47.622
7.821	39.928	50.000	47.622
7.822	40.001	50.000	47.622
7.823	39.997	50.000	47.622
7.824	39.954	50.000	47.622
7.825	40.073	50.000	47.622
7.826	40.120	50.000	47.622
7.827	40.026	50.000	47.622
7.828	40.095	50.000	47.622
7.829	40.008	50.000	47.622
7.830	40.052	50.000	47.622
7.831	40.026	50.000	47.622
7.832	40.019	50.000	47.622
7.833	40.037	50.000	47.622
7.834	40.189	50.000	47.622
7.835	40.403	50.000	47.622
7.836	40.558	50.000	47.622
7.837	40.743	50.000	47.622
7.838	40.725	50.000	47.622
7.839	40.761	50.000	47.622
7.840	40.761	50.000	47.622
7.841	40.855	50.000	47.622
7.842	40.891	50.000	47.622
7.843	40.768	50.000	47.622
7.844	40.793	50.000	47.622
7.845	40.873	50.000	47.622
7.846	40.840	50.000	47.622
7.847	40.873	50.000	47.622
7.848	40.725	50.000	47.622
7.849	40.801	50.000	47.622
7.850	40.837	50.000	47.622
7.851	42.545	50.000	47.622
7.852	42.552	50.000	47.622
7.853	41.799	50.000	47.622
7.854	41.694	50.000	47.622
7.855	41.749	50.000	47.622
7.856	41.846	50.000	47.622
7.857	41.763	50.000	47.622
7.858	41.792	50.000	47.622
7.859	41.756	50.000	47.622
7.860	41.731	50.000	47.622
7.861	41.662	50.000	47.622
7.862	41.731	50.000	47.622
7.863	41.669	50.000	47.622
7.864	41.778	50.000	47.622
7.865	41.626	50.000	47.622
7.866	41.694	50.000	47.622
7.867	41.861	50.000	47.622
7.868	42.190	50.000	47.622
7.869	42.353	50.000	47.622
7.870	43.359	50.000	47.622
7.871	43.355	50.000	47.622
7.872	43.464	50.000	47.622
7.873	43.446	50.000	47.622
7.874	42.639	50.000	47.622
7.875	42.588	50.000	47.622
7.876	42.585	50.000	47.622
7.877	42.592	50.000	47.622
7.878	42.661	50.000	47.622
7.879	42.494	50.000	47.622
7.880	43.410	50.000	47.622
7.881	43.576	50.000	47.622
7.882	43.732	50.000	47.622
7.883	43.971	50.000	47.622
7.884	44.083	50.000	47.622
7.885	44.097	50.000	47.622
7.886	44.119	50.000	47.622
7.887	44.148	50.000	47.622
7.888	44.097	50.000	47.622
7.889	44.199	50.000	47.622
7.890	44.235	50.000	47.622
7.891	44.068	50.000	47.622
7.892	44.094	50.000	47.622
7.893	44.039	50.000	47.622
7.894	44.036	50.000	47.622
7.895	44.086	50.000	47.622
7.896	44.057	50.000	47.622
7.897	44.162	50.000	47.622
7.898	44.267	50.000	47.622
7.899	44.376	50.000	47.622
7.900	44.727	50.000	47.622
7.901	44.901	50.000	47.622
7.902	44.987	50.000	47.622
7.903	44.980	50.000	47.622
7.904	45.063	50.000	47.622
7.905	45.121	50.000	47.622
7.906	45.132	50.000	47.622
7.907	45.085	50.000	47.622
7.908	45.016	50.000	47.622
7.909	45.089	50.000	47.622
7.910	45.071	50.000	47.622
7.911	45.063	50.000	47.622
7.912	44.980	50.000	47.622
7.913	45.005	50.000	47.622
7.914	44.998	50.000	47.622
7.915	45.027	50.000	47.622
7.916	45.045	50.000	47.622
7.917	45.053	50.000	47.622
7.918	45.092	50.000	47.622
7.919	45.049	50.000	47.622
7.920	45.266	50.000	47.622
7.921	45.505	50.000	47.622
7.922	45.664	50.000	47.622
7.923	45.700	50.000	47.622
7.924	45.841	50.000	47.622
7.925	45.791	50.000	47.622
7.926	45.881	50.000	47.622
7.927	45.831	50.000	47.622
7.928	45.950	50.000	47.622
7.929	45.841	50.000	47.622
7.930	46.652	50.000	47.622
7.931	46.551	50.000	47.622
7.932	46.605	50.000	47.622
7.933	45.892	50.000	47.622
7.934	45.820	50.000	47.622
7.935	45.859	50.000	47.622
7.936	45.780	50.000	47.622
7.937	45.744	50.000	47.622
7.938	45.729	50.000	47.622
7.939	45.816	50.000	47.622
7.940	46.605	50.000	47.622
7.941	46.533	50.000	47.622
7.942	46.507	50.000	47.622
7.943	46.666	50.000	47.622
7.944	46.587	50.000	47.622
7.945	46.551	50.000	47.622
7.946	46.623	50.000	47.622
7.947	46.619	50.000	47.622
7.948	46.562	50.000	47.622
7.949	46.562	50.000	47.622
7.950	46.475	50.000	47.622
7.951	46.467	50.000	47.622
7.952	46.536	50.000	47.622
7.953	46.482	50.000	47.622
7.954	46.572	50.000	47.622
7.955	46.543	50.000	47.622
7.956	46.717	50.000	47.622
7.957	46.706	50.000	47.622
7.958	46.464	50.000	47.622
7.959	46.522	50.000	47.622
7.960	46.616	50.000	47.622
7.961	46.558	50.000	47.622
7.962	46.717	50.000	47.622
7.963	46.793	50.000	47.622
7.964	46.996	50.000	47.622
7.965	47.195	50.000	47.622
7.966	47.188	50.000	47.622
7.967	47.329	50.000	47.622
7.968	47.416	50.000	47.622
7.969	47.481	50.000	47.622
7.970	47.441	50.000	47.622
7.971	47.463	50.000	47.622
7.972	47.517	50.000	47.622
7.973	47.477	50.000	47.622
7.974	47.463	50.000	47.622
7.975	47.473	50.000	47.622
7.976	47.470	50.000	47.622
7.977	47.564	50.000	47.622
7.978	47.481	50.000	47.622
7.979	47.535	50.000	47.622
7.980	47.531	50.000	47.622
7.981	47.633	50.000	47.622
7.982	47.499	50.000	47.622
7.983	47.564	50.000	47.622
7.984	47.586	50.000	47.622
7.985	47.596	50.000	47.622
7.986	47.622	50.000	47.622
7.987	47.698	50.000	47.622
7.988	47.654	50.000	47.622
7.989	47.669	50.000	47.622
7.990	47.615	50.000	47.622
7.991	47.600	50.000	47.622
7.992	47.553	50.000	47.622
7.993	47.513	50.000	47.622
7.994	47.593	50.000	47.622
7.995	47.416	50.000	47.622
7.996	47.564	50.000	47.622
7.997	47.557	50.000	47.622
7.998	47.564	50.000	47.622
7.999	47.513	50.000	47.622
8.000	47.499	50.000	47.622
8.001	47.437	50.000	47.622
8.002	47.463	50.000	47.622
8.003	47.473	50.000	47.622
8.004	47.470	50.000	47.622
8.005	47.568	50.000	47.622
8.006	47.492	50.000	47.622
8.007	47.466	50.000	47.622
8.008	47.477	50.000	47.622
8.009	47.481	50.000	47.622
8.010	47.553	50.000	47.622
8.011	47.520	50.000	47.622
8.012	47.368	50.000	47.622
8.013	47.484	50.000	47.622
8.014	47.502	50.000	47.622
8.015	47.517	50.000	47.622
8.016	47.557	50.000	47.622
8.017	47.419	50.000	47.622
8.018	47.513	50.000	47.622
8.019	47.517	50.000	47.622
8.020	47.401	50.000	47.622
8.021	47.520	50.000	47.622
8.022	47.542	50.000	47.622
8.023	47.463	50.000	47.622
8.024	47.394	50.000	47.622
8.025	47.481	50.000	47.622
8.026	47.539	50.000	47.622
8.027	47.604	50.000	47.622
8.028	47.513	50.000	47.622
8.029	47.546	50.000	47.622
8.030	47.524	50.000	47.622
8.031	47.517	50.000	47.622
8.032	47.473	50.000	47.622
8.033	47.466	50.000	47.622
8.034	47.455	50.000	47.622
8.035	47.452	50.000	47.622
8.036	47.470	50.000	47.622
8.037	47.434	50.000	47.622
8.038	47.455	50.000	47.622
8.039	47.448	50.000	47.622
8.040	47.434	50.000	47.622
8.041	47.473	50.000	47.622
8.042	47.365	50.000	47.622
8.043	47.495	50.000	47.622
8.044	47.495	50.000	47.622
8.045	47.495	50.000	47.622
8.046	47.416	50.000	47.622
8.047	47.531	50.000	47.622
8.048	47.542	50.000	47.622
8.049	47.506	50.000	47.622
8.050	47.430	50.000	47.622
8.051	47.437	50.000	47.622
8.052	47.419	50.000	47.622
8.053	47.452	50.000	47.622
8.054	47.484	50.000	47.622
8.055	47.463	50.000	47.622
8.056	47.401	50.000	47.622
8.057	47.459	50.000	47.622
8.058	47.437	50.000	47.622
8.059	47.408	50.000	47.622
8.060	47.459	50.000	47.622
8.061	47.481	50.000	47.622
8.062	47.444	50.000	47.622
8.063	47.463	50.000	47.622
8.064	47.390	50.000	47.622
8.065	47.426	50.000	47.622
8.066	47.455	50.000	47.622
8.067	47.383	50.000	47.622
8.068	47.470	50.000	47.622
8.069	47.473	50.000	47.622
8.070	47.379	50.000	47.622
8.071	47.350	50.000	47.622
8.072	47.151	50.000	47.622
8.073	47.079	50.000	47.622
8.074	46.989	50.000	47.622
8.075	46.804	50.000	47.622
8.076	46.818	50.000	47.622
8.077	46.735	50.000	47.622
8.078	46.670	50.000	47.622
8.079	46.692	50.000	47.622
8.080	46.638	50.000	47.622
8.081	46.594	50.000	47.622
8.082	46.587	50.000	47.622
8.083	46.590	50.000	47.622
8.084	46.638	50.000	47.622
8.085	46.688	50.000	47.622
8.086	46.551	50.000	47.622
8.087	46.522	50.000	47.622
8.088	46.598	50.000	47.622
8.089	46.540	50.000	47.622
8.090	46.522	50.000	47.622
8.091	46.558	50.000	47.622
8.092	46.533	50.000	47.622
8.093	46.598	50.000	47.622
8.094	46.565	50.000	47.622
8.095	46.598	50.000	47.622
8.096	46.562	50.000	47.622
8.097	46.594	50.000	47.622
8.098	46.601	50.000	47.622
8.099	46.612	50.000	47.622
8.100	46.558	50.000	47.622
8.101	46.645	50.000	47.622
8.102	46.493	50.000	47.622
8.103	46.413	50.000	47.622
8.104	46.594	50.000	47.622
8.105	46.500	50.000	47.622
8.106	46.616	50.000	47.622
8.107	46.612	50.000	47.622
8.108	46.529	50.000	47.622
8.109	46.630	50.000	47.622
8.110	46.605	50.000	47.622
8.111	46.648	50.000	47.622
8.112	46.638	50.000	47.622
8.113	46.583	50.000	47.622
8.114	46.587	50.000	47.622
8.115	46.565	50.000	47.622
8.116	46.619	50.000	47.622
8.117	46.677	50.000	47.622
8.118	46.569	50.000	47.622
8.119	46.536	50.000	47.622
8.120	46.576	50.000	47.622
8.121	46.641	50.000	47.622
8.122	46.645	50.000	47.622
8.123	46.648	50.000	47.622
8.124	46.663	50.000	47.622
8.125	46.580	50.000	47.622
8.126	46.630	50.000	47.622
8.127	46.710	50.000	47.622
8.128	46.554	50.000	47.622
8.129	46.695	50.000	47.622
8.130	46.706	50.000	47.622
8.131	46.768	50.000	47.622
8.132	46.648	50.000	47.622
8.133	46.638	50.000	47.622
8.134	46.590	50.000	47.622
8.135	46.562	50.000	47.622
8.136	46.547	50.000	47.622
8.137	46.638	50.000	47.622
8.138	46.695	50.000	47.622
8.139	46.692	50.000	47.622
8.140	46.652	50.000	47.622
8.141	46.695	50.000	47.622
8.142	46.681	50.000	47.622
8.143	46.514	50.000	47.622
8.144	46.659	50.000	47.622
8.145	46.648	50.000	47.622
8.146	46.630	50.000	47.622
8.147	46.663	50.000	47.622
8.148	46.619	50.000	47.622
8.149	46.616	50.000	47.622
8.150	46.540	50.000	47.622
8.151	46.580	50.000	47.622
8.152	46.514	50.000	47.622
8.153	46.590	50.000	47.622
8.154	46.627	50.000	47.622
8.155	46.623	50.000	47.622
8.156	46.562	50.000	47.622
8.157	46.562	50.000	47.622
8.158	46.670	50.000	47.622
8.159	46.551	50.000	47.622
8.160	46.616	50.000	47.622
8.161	46.710	50.000	47.622
8.162	46.609	50.000	47.622
8.163	46.619	50.000	47.622
8.164	46.605	50.000	47.622
8.165	46.551	50.000	47.622
8.166	46.587	50.000	47.622
8.167	46.594	50.000	47.622
8.168	46.572	50.000	47.622
8.169	46.547	50.000	47.622
8.170	46.627	50.000	47.622
8.171	46.609	50.000	47.622
8.172	46.449	50.000	47.622
8.173	46.645	50.000	47.622
8.174	46.634	50.000	47.622
8.175	46.634	50.000	47.622
8.176	46.623	50.000	47.622
8.177	46.623	50.000	47.622
8.178	46.641	50.000	47.622
8.179	46.656	50.000	47.622
8.180	46.587	50.000	47.622
8.181	46.710	50.000	47.622
8.182	46.504	50.000	47.622
8.183	46.569	50.000	47.622
8.184	46.565	50.000	47.622
8.185	46.587	50.000	47.622
8.186	46.587	50.000	47.622
8.187	46.677	50.000	47.622
8.188	46.659	50.000	47.622
8.189	46.572	50.000	47.622
8.190	46.543	50.000	47.622
8.191	46.630	50.000	47.622
8.192	46.536	50.000	47.622
8.193	46.616	50.000	47.622
8.194	46.551	50.000	47.622
8.195	46.536	50.000	47.622
8.196	46.457	50.000	47.622
8.197	46.576	50.000	47.622
8.198	46.576	50.000	47.622
8.199	46.547	50.000	47.622
8.200	46.572	50.000	47.622
8.201	46.612	50.000	47.622
8.202	46.572	50.000	47.622
8.203	46.663	50.000	47.622
8.204	46.580	50.000	47.622
8.205	46.572	50.000	47.622
8.206	46.598	50.000	47.622
8.207	46.511	50.000	47.622
8.208	46.533	50.000	47.622
8.209	46.587	50.000	47.622
8.210	46.710	50.000	47.622
8.211	46.605	50.000	47.622
8.212	46.580	50.000	47.622
8.213	46.612	50.000	47.622
8.214	46.587	50.000	47.622
8.215	46.525	50.000	47.622
8.216	46.536	50.000	47.622
8.217	46.652	50.000	47.622
8.218	46.634	50.000	47.622
8.219	46.887	50.000	47.622
8.220	46.641	50.000	47.622
8.221	46.576	50.000	47.622
8.222	46.703	50.000	47.622
8.223	46.721	50.000	47.622
8.224	46.609	50.000	47.622
8.225	46.714	50.000	47.622
8.226	46.681	50.000	47.622
8.227	46.619	50.000	47.622
8.228	46.706	50.000	47.622
8.229	46.648	50.000	47.622
8.230	46.623	50.000	47.622
8.231	46.601	50.000	47.622
8.232	46.514	50.000	47.622
8.233	46.605	50.000	47.622
8.234	46.648	50.000	47.622
8.235	46.674	50.000	47.622
8.236	46.645	50.000	47.622
8.237	46.605	50.000	47.622
8.238	46.630	50.000	47.622
8.239	46.522	50.000	47.622
8.240	46.645	50.000	47.622
8.241	46.605	50.000	47.622
8.242	46.724	50.000	47.622
8.243	46.648	50.000	47.622
8.244	46.666	50.000	47.622
8.245	46.706	50.000	47.622
8.246	46.797	50.000	47.622
8.247	46.641	50.000	47.622
8.248	46.598	50.000	47.622
8.249	46.576	50.000	47.622
8.250	46.590	50.000	47.622
8.251	46.609	50.000	47.622
8.252	46.663	50.000	47.622
8.253	46.732	50.000	47.622
8.254	46.638	50.000	47.622
8.255	46.732	50.000	47.622
8.256	46.638	50.000	47.622
8.257	46.569	50.000	47.622
8.258	46.616	50.000	47.622
8.259	46.627	50.000	47.622
8.260	46.583	50.000	47.622
8.261	46.543	50.000	47.622
8.262	46.576	50.000	47.622
8.263	46.724	50.000	47.622
8.264	46.688	50.000	47.622
8.265	46.529	50.000	47.622
8.266	46.619	50.000	47.622
8.267	46.735	50.000	47.622
8.268	46.598	50.000	47.622
8.269	46.558	50.000	47.622
8.270	46.500	50.000	47.622
8.271	46.685	50.000	47.622
8.272	46.605	50.000	47.622
8.273	46.612	50.000	47.622
8.274	46.457	50.000	47.622
8.275	46.580	50.000	47.622
8.276	46.580	50.000	47.622
8.277	46.605	50.000	47.622
8.278	46.533	50.000	47.622
8.279	46.525	50.000	47.622
8.280	46.507	50.000	47.622
8.281	46.514	50.000	47.622
8.282	46.601	50.000	47.622
8.283	46.656	50.000	47.622
8.284	46.540	50.000	47.622
8.285	46.507	50.000	47.622
8.286	46.475	50.000	47.622
8.287	46.594	50.000	47.622
8.288	46.612	50.000	47.622
8.289	46.605	50.000	47.622
8.290	46.431	50.000	47.622
8.291	46.514	50.000	47.622
8.292	46.533	50.000	47.622
8.293	46.543	50.000	47.622
8.294	46.514	50.000	47.622
8.295	46.627	50.000	47.622
8.296	46.634	50.000	47.622
8.297	46.645	50.000	47.622
8.298	46.659	50.000	47.622
8.299	46.641	50.000	47.622
8.300	46.703	50.000	47.622
8.301	46.612	50.000	47.622
8.302	46.623	50.000	47.622
8.303	46.605	50.000	47.622
8.304	46.616	50.000	47.622
8.305	46.659	50.000	47.622
8.306	46.656	50.000	47.622
8.307	46.695	50.000	47.622
8.308	46.619	50.000	47.622
8.309	46.641	50.000	47.622
8.310	46.619	50.000	47.622
8.311	46.543	50.000	47.622
8.312	46.695	50.000	47.622
8.313	46.670	50.000	47.622
8.314	46.681	50.000	47.622
8.315	46.717	50.000	47.622
8.316	46.594	50.000	47.622
8.317	46.663	50.000	47.622
8.318	46.583	50.000	47.622
8.319	46.638	50.000	47.622
8.320	46.609	50.000	47.622
8.321	46.594	50.000	47.622
8.322	46.558	50.000	47.622
8.323	46.728	50.000	47.622
8.324	46.504	50.000	47.622
8.325	46.522	50.000	47.622
8.326	46.514	50.000	47.622
8.327	46.504	50.000	47.622
8.328	46.580	50.000	47.622
8.329	46.576	50.000	47.622
8.330	46.543	50.000	47.622
8.331	46.630	50.000	47.622
8.332	46.638	50.000	47.622
8.333	46.601	50.000	47.622
8.334	46.562	50.000	47.622
8.335	46.598	50.000	47.622
8.336	46.638	50.000	47.622
8.337	46.594	50.000	47.622
8.338	46.822	50.000	47.622
8.339	46.619	50.000	47.622
8.340	46.605	50.000	47.622
8.341	46.551	50.000	47.622
8.342	46.540	50.000	47.622
8.343	46.605	50.000	47.622
8.344	46.551	50.000	47.622
8.345	46.771	50.000	47.622
8.346	46.638	50.000	47.622
8.347	46.576	50.000	47.622
8.348	46.721	50.000	47.622
8.349	46.605	50.000	47.622
8.350	46.547	50.000	47.622
8.351	46.663	50.000	47.622
8.352	46.576	50.000	47.622
8.353	46.619	50.000	47.622
8.354	46.616	50.000	47.622
8.355	46.558	50.000	47.622
8.356	46.507	50.000	47.622
8.357	46.482	50.000	47.622
8.358	46.565	50.000	47.622
8.359	46.587	50.000	47.622
8.360	46.619	50.000	47.622
8.361	46.554	50.000	47.622
8.362	46.598	50.000	47.622
8.363	46.547	50.000	47.622
8.364	46.543	50.000	47.622
8.365	46.540	50.000	47.622
8.366	46.554	50.000	47.622
8.367	46.511	50.000	47.622
8.368	46.540	50.000	47.622
8.369	46.562	50.000	47.622
8.370	46.627	50.000	47.622
8.371	46.659	50.000	47.622
8.372	46.703	50.000	47.622
8.373	46.533	50.000	47.622
8.374	46.522	50.000	47.622
8.375	46.576	50.000	47.622
8.376	46.605	50.000	47.622
8.377	46.717	50.000	47.622
8.378	46.674	50.000	47.622
8.379	46.630	50.000	47.622
8.380	46.551	50.000	47.622
8.381	46.511	50.000	47.622
8.382	46.572	50.000	47.622
8.383	46.630	50.000	47.622
8.384	46.565	50.000	47.622
8.385	46.572	50.000	47.622
8.386	46.569	50.000	47.622
8.387	46.638	50.000	47.622
8.388	46.576	50.000	47.622
8.389	46.619	50.000	47.622
8.390	46.457	50.000	47.622
8.391	46.659	50.000	47.622
8.392	46.551	50.000	47.622
8.393	46.663	50.000	47.622
8.394	46.583	50.000	47.622
8.395	46.674	50.000	47.622
8.396	46.536	50.000	47.622
8.397	46.609	50.000	47.622
8.398	46.587	50.000	47.622
8.399	46.674	50.000	47.622
8.400	46.623	50.000	47.622
8.401	46.569	50.000	47.622
8.402	46.641	50.000	47.622
8.403	46.565	50.000	47.622
8.404	46.594	50.000	47.622
8.405	46.540	50.000	47.622
8.406	46.703	50.000	47.622
8.407	46.554	50.000	47.622
8.408	46.572	50.000	47.622
8.409	46.576	50.000	47.622
8.410	46.638	50.000	47.622
8.411	46.605	50.000	47.622
8.412	46.616	50.000	47.622
8.413	46.728	50.000	47.622
8.414	46.634	50.000	47.622
8.415	46.630	50.000	47.622
8.416	46.623	50.000	47.622
8.417	46.562	50.000	47.622
8.418	46.598	50.000	47.622
8.419	46.703	50.000	47.622
8.420	46.648	50.000	47.622
8.421	46.536	50.000	47.622
8.422	46.641	50.000	47.622
8.423	46.590	50.000	47.622
8.424	46.576	50.000	47.622
8.425	46.789	50.000	47.622
8.426	46.681	50.000	47.622
8.427	46.648	50.000	47.622
8.428	46.525	50.000	47.622
8.429	46.601	50.000	47.622
8.430	46.619	50.000	47.622
8.431	46.616	50.000	47.622
8.432	46.648	50.000	47.622
8.433	46.627	50.000	47.622
8.434	46.692	50.000	47.622
8.435	46.442	50.000	47.622
8.436	46.616	50.000	47.622
8.437	46.471	50.000	47.622
8.438	46.587	50.000	47.622
8.439	46.507	50.000	47.622
8.440	46.627	50.000	47.622
8.441	46.572	50.000	47.622
8.442	46.543	50.000	47.622
8.443	46.442	50.000	47.622
8.444	46.547	50.000	47.622
8.445	46.504	50.000	47.622
8.446	46.525	50.000	47.622
8.447	46.536	50.000	47.622
8.448	46.594	50.000	47.622
8.449	46.605	50.000	47.622
8.450	46.594	50.000	47.622
8.451	46.612	50.000	47.622
8.452	46.612	50.000	47.622
8.453	46.565	50.000	47.622
8.454	46.562	50.000	47.622
8.455	46.540	50.000	47.622
8.456	46.540	50.000	47.622
8.457	46.543	50.000	47.622
8.458	46.623	50.000	47.622
8.459	46.569	50.000	47.622
8.460	46.554	50.000	47.622
8.461	46.540	50.000	47.622
8.462	46.529	50.000	47.622
8.463	46.572	50.000	47.622
8.464	46.583	50.000	47.622
8.465	46.594	50.000	47.622
8.466	46.670	50.000	47.622
8.467	46.638	50.000	47.622
8.468	46.580	50.000	47.622
8.469	46.674	50.000	47.622
8.470	46.721	50.000	47.622
8.471	46.547	50.000	47.622
8.472	46.514	50.000	47.622
8.473	46.580	50.000	47.622
8.474	46.580	50.000	47.622
8.475	46.656	50.000	47.622
8.476	46.576	50.000	47.622
8.477	46.590	50.000	47.622
8.478	46.525	50.000	47.622
8.479	46.583	50.000	47.622
8.480	46.572	50.000	47.622
8.481	46.652	50.000	47.622
8.482	46.554	50.000	47.622
8.483	46.623	50.000	47.622
8.484	46.554	50.000	47.622
8.485	46.569	50.000	47.622
8.486	46.536	50.000	47.622
8.487	46.489	50.000	47.622
8.488	46.504	50.000	47.622
8.489	46.580	50.000	47.622
8.490	46.638	50.000	47.622
8.491	46.656	50.000	47.622
8.492	46.587	50.000	47.622
8.493	46.471	50.000	47.622
8.494	46.594	50.000	47.622
8.495	46.612	50.000	47.622
8.496	46.565	50.000	47.622
8.497	46.580	50.000	47.622
8.498	46.645	50.000	47.622
8.499	46.663	50.000	47.622
8.500	46.717	50.000	47.622
8.501	46.663	50.000	47.622
8.502	46.572	50.000	47.622
8.503	46.576	50.000	47.622
8.504	46.703	50.000	47.622
8.505	46.500	50.000	47.622
8.506	46.703	50.000	47.622
8.507	46.652	50.000	47.622
8.508	46.583	50.000	47.622
8.509	46.431	50.000	47.622
8.510	46.536	50.000	47.622
8.511	46.594	50.000	47.622
8.512	46.590	50.000	47.622
8.513	46.695	50.000	47.622
8.514	46.619	50.000	47.622
8.515	46.666	50.000	47.622
8.516	46.565	50.000	47.622
8.517	46.605	50.000	47.622
8.518	46.500	50.000	47.622
8.519	46.562	50.000	47.622
8.520	46.634	50.000	47.622
8.521	46.449	50.000	47.622
8.522	46.594	50.000	47.622
8.523	46.609	50.000	47.622
8.524	46.543	50.000	47.622
8.525	46.482	50.000	47.622
8.526	46.536	50.000	47.622
8.527	46.565	50.000	47.622
8.528	46.572	50.000	47.622
8.529	46.576	50.000	47.622
8.530	46.569	50.000	47.622
8.531	46.562	50.000	47.622
8.532	46.533	50.000	47.622
8.533	46.496	50.000	47.622
8.534	46.554	50.000	47.622
8.535	46.514	50.000	47.622
8.536	46.612	50.000	47.622
8.537	46.670	50.000	47.622
8.538	46.627	50.000	47.622
8.539	46.522	50.000	47.622
8.540	46.562	50.000	47.622
8.541	46.471	50.000	47.622
8.542	46.558	50.000	47.622
8.543	46.627	50.000	47.622
8.544	46.641	50.000	47.622
8.545	46.732	50.000	47.622
8.546	46.638	50.000	47.622
8.547	46.659	50.000	47.622
8.548	46.627	50.000	47.622
8.549	46.612	50.000	47.622
8.550	46.533	50.000	47.622
8.551	46.576	50.000	47.622
8.552	46.598	50.000	47.622
8.553	46.659	50.000	47.622
8.554	46.630	50.000	47.622
8.555	46.652	50.000	47.622
8.556	46.572	50.000	47.622
8.557	46.583	50.000	47.622
8.558	46.558	50.000	47.622
8.559	46.569	50.000	47.622
8.560	46.724	50.000	47.622
8.561	46.572	50.000	47.622
8.562	46.648	50.000	47.622
8.563	46.699	50.000	47.622
8.564	46.627	50.000	47.622
8.565	46.605	50.000	47.622
8.566	46.457	50.000	47.622
8.567	46.554	50.000	47.622
8.568	46.659	50.000	47.622
8.569	46.674	50.000	47.622
8.570	46.587	50.000	47.622
8.571	46.623	50.000	47.622
8.572	46.558	50.000	47.622
8.573	46.377	50.000	47.622
8.574	46.522	50.000	47.622
8.575	46.554	50.000	47.622
8.576	46.565	50.000	47.622
8.577	46.656	50.000	47.622
8.578	46.583	50.000	47.622
8.579	46.735	50.000	47.622
8.580	46.728	50.000	47.622
8.581	46.706	50.000	47.622
8.582	46.598	50.000	47.622
8.583	46.623	50.000	47.622
8.584	46.562	50.000	47.622
8.585	46.558	50.000	47.622
8.586	46.623	50.000	47.622
8.587	46.638	50.000	47.622
8.588	46.558	50.000	47.622
8.589	46.569	50.000	47.622
8.590	46.551	50.000	47.622
8.591	46.583	50.000	47.622
8.592	46.493	50.000	47.622
8.593	46.580	50.000	47.622
8.594	46.580	50.000	47.622
8.595	46.551	50.000	47.622
8.596	46.554	50.000	47.622
8.597	46.551	50.000	47.622
8.598	46.543	50.000	47.622
8.599	46.634	50.000	47.622
8.600	46.580	50.000	47.622
8.601	46.514	50.000	47.622
8.602	46.663	50.000	47.622
8.603	46.641	50.000	47.622
8.604	46.551	50.000	47.622
8.605	46.551	50.000	47.622
8.606	46.558	50.000	47.622
8.607	46.547	50.000	47.622
8.608	46.623	50.000	47.622
8.609	46.656	50.000	47.622
8.610	46.533	50.000	47.622
8.611	46.616	50.000	47.622
8.612	46.486	50.000	47.622
8.613	46.493	50.000	47.622
8.614	46.623	50.000	47.622
8.615	46.482	50.000	47.622
8.616	46.500	50.000	47.622
8.617	46.619	50.000	47.622
8.618	46.554	50.000	47.622
8.619	46.583	50.000	47.622
8.620	46.601	50.000	47.622
8.621	46.583	50.000	47.622
8.622	46.543	50.000	47.622
8.623	46.677	50.000	47.622
8.624	46.580	50.000	47.622
8.625	46.645	50.000	47.622
8.626	46.670	50.000	47.622
8.627	46.656	50.000	47.622
8.628	46.775	50.000	47.622
8.629	46.616	50.000	47.622
8.630	46.558	50.000	47.622
8.631	46.627	50.000	47.622
8.632	46.630	50.000	47.622
8.633	46.648	50.000	47.622
8.634	46.645	50.000	47.622
8.635	46.612	50.000	47.622
8.636	46.569	50.000	47.622
8.637	46.619	50.000	47.622
8.638	46.551	50.000	47.622
8.639	46.627	50.000	47.622
8.640	46.605	50.000	47.622
8.641	46.627	50.000	47.622
8.642	46.609	50.000	47.622
8.643	46.605	50.000	47.622
8.644	46.616	50.000	47.622
8.645	46.605	50.000	47.622
8.646	46.540	50.000	47.622
8.647	46.641	50.000	47.622
8.648	46.540	50.000	47.622
8.649	46.666	50.000	47.622
8.650	46.576	50.000	47.622
8.651	46.645	50.000	47.622
8.652	46.641	50.000	47.622
8.653	46.583	50.000	47.622
8.654	46.522	50.000	47.622
8.655	46.598	50.000	47.622
8.656	46.638	50.000	47.622
8.657	46.583	50.000	47.622
8.658	46.558	50.000	47.622
8.659	46.623	50.000	47.622
8.660	46.638	50.000	47.622
8.661	46.594	50.000	47.622
8.662	46.558	50.000	47.622
8.663	46.511	50.000	47.622
8.664	46.511	50.000	47.622
8.665	46.489	50.000	47.622
8.666	46.630	50.000	47.622
8.667	46.641	50.000	47.622
8.668	46.598	50.000	47.622
8.669	46.576	50.000	47.622
8.670	46.583	50.000	47.622
8.671	46.572	50.000	47.622
8.672	46.612	50.000	47.622
8.673	46.692	50.000	47.622
8.674	46.565	50.000	47.622
8.675	46.576	50.000	47.622
8.676	46.714	50.000	47.622
8.677	46.612	50.000	47.622
8.678	46.551	50.000	47.622
8.679	46.616	50.000	47.622
8.680	46.594	50.000	47.622
8.681	46.590	50.000	47.622
8.682	46.562	50.000	47.622
8.683	46.500	50.000	47.622
8.684	46.533	50.000	47.622
8.685	46.543	50.000	47.622
8.686	46.536	50.000	47.622
8.687	46.569	50.000	47.622
8.688	46.547	50.000	47.622
8.689	46.540	50.000	47.622
8.690	46.609	50.000	47.622
8.691	46.377	50.000	47.622
8.692	46.514	50.000	47.622
8.693	46.402	50.000	47.622
8.694	46.656	50.000	47.622
8.695	46.601	50.000	47.622
8.696	46.666	50.000	47.622
8.697	46.453	50.000	47.622
8.698	46.543	50.000	47.622
8.699	46.605	50.000	47.622
8.700	46.627	50.000	47.622
8.701	46.587	50.000	47.622
8.702	46.511	50.000	47.622
8.703	46.547	50.000	47.622
8.704	46.529	50.000	47.622
8.705	46.717	50.000	47.622
8.706	46.583	50.000	47.622
8.707	46.757	50.000	47.622
8.708	46.652	50.000	47.622
8.709	46.590	50.000	47.622
8.710	46.572	50.000	47.622
8.711	46.641	50.000	47.622
8.712	46.670	50.000	47.622
8.713	46.695	50.000	47.622
8.714	46.619	50.000	47.622
8.715	46.648	50.000	47.622
8.716	46.616	50.000	47.622
8.717	46.583	50.000	47.622
8.718	46.601	50.000	47.622
8.719	46.580	50.000	47.622
8.720	46.619	50.000	47.622
8.721	46.598	50.000	47.622
8.722	46.587	50.000	47.622
8.723	46.634	50.000	47.622
8.724	46.623	50.000	47.622
8.725	46.576	50.000	47.622
8.726	46.518	50.000	47.622
8.727	46.547	50.000	47.622
8.728	46.518	50.000	47.622
8.729	46.547	50.000	47.622
8.730	46.634	50.000	47.622
8.731	46.511	50.000	47.622
8.732	46.565	50.000	47.622
8.733	46.576	50.000	47.622
8.734	46.518	50.000	47.622
8.735	46.587	50.000	47.622
8.736	46.518	50.000	47.622
8.737	46.641	50.000	47.622
8.738	46.594	50.000	47.622
8.739	46.634	50.000	47.622
8.740	46.710	50.000	47.622
8.741	46.659	50.000	47.622
8.742	46.554	50.000	47.622
8.743	46.482	50.000	47.622
8.744	46.565	50.000	47.622
8.745	46.619	50.000	47.622
8.746	46.692	50.000	47.622
8.747	46.583	50.000	47.622
8.748	46.536	50.000	47.622
8.749	46.551	50.000	47.622
8.750	46.558	50.000	47.622
8.751	46.627	50.000	47.622
8.752	46.572	50.000	47.622
8.753	46.670	50.000	47.622
8.754	46.638	50.000	47.622
8.755	46.547	50.000	47.622
8.756	46.685	50.000	47.622
8.757	46.467	50.000	47.622
8.758	46.659	50.000	47.622
8.759	46.525	50.000	47.622
8.760	46.627	50.000	47.622
8.761	46.576	50.000	47.622
8.762	46.522	50.000	47.622
8.763	46.543	50.000	47.622
8.764	46.598	50.000	47.622
8.765	46.471	50.000	47.622
8.766	46.685	50.000	47.622
8.767	46.518	50.000	47.622
8.768	46.638	50.000	47.622
8.769	46.757	50.000	47.622
8.770	46.496	50.000	47.622
8.771	46.493	50.000	47.622
8.772	46.511	50.000	47.622
8.773	46.572	50.000	47.622
8.774	46.601	50.000	47.622
8.775	46.540	50.000	47.622
8.776	46.612	50.000	47.622
8.777	46.605	50.000	47.622
8.778	46.475	50.000	47.622
8.779	46.670	50.000	47.622
8.780	46.645	50.000	47.622
8.781	46.822	50.000	47.622
8.782	46.652	50.000	47.622
8.783	46.674	50.000	47.622
8.784	46.648	50.000	47.622
8.785	46.634	50.000	47.622
8.786	46.619	50.000	47.622
8.787	46.670	50.000	47.622
8.788	46.569	50.000	47.622
8.789	46.666	50.000	47.622
8.790	46.652	50.000	47.622
8.791	46.706	50.000	47.622
8.792	46.771	50.000	47.622
8.793	46.638	50.000	47.622
8.794	46.630	50.000	47.622
8.795	46.565	50.000	47.622
8.796	46.652	50.000	47.622
8.797	46.601	50.000	47.622
8.798	46.630	50.000	47.622
8.799	46.525	50.000	47.622
8.800	46.627	50.000	47.622
8.801	46.536	50.000	47.622
8.802	46.551	50.000	47.622
8.803	46.543	50.000	47.622
8.804	46.569	50.000	47.622
8.805	46.522	50.000	47.622
8.806	46.616	50.000	47.622
8.807	46.551	50.000	47.622
8.808	46.645	50.000	47.622
8.809	46.634	50.000	47.622
8.810	46.558	50.000	47.622
8.811	46.576	50.000	47.622
8.812	46.511	50.000	47.622
8.813	46.587	50.000	47.622
8.814	46.554	50.000	47.622
8.815	46.547	50.000	47.622
8.816	46.580	50.000	47.622
8.817	46.652	50.000	47.622
8.818	46.612	50.000	47.622
8.819	46.598	50.000	47.622
8.820	46.504	50.000	47.622
8.821	46.547	50.000	47.622
8.822	46.576	50.000	47.622
8.823	46.562	50.000	47.622
8.824	46.659	50.000	47.622
8.825	46.627	50.000	47.622
8.826	46.619	50.000	47.622
8.827	46.616	50.000	47.622
8.828	46.685	50.000	47.622
8.829	46.623	50.000	47.622
8.830	46.652	50.000	47.622
8.831	46.695	50.000	47.622
8.832	46.594	50.000	47.622
8.833	46.580	50.000	47.622
8.834	46.554	50.000	47.622
8.835	46.511	50.000	47.622
8.836	46.583	50.000	47.622
8.837	46.558	50.000	47.622
8.838	46.554	50.000	47.622
8.839	46.630	50.000	47.622
8.840	46.587	50.000	47.622
8.841	46.536	50.000	47.622
8.842	46.504	50.000	47.622
8.843	46.587	50.000	47.622
8.844	46.514	50.000	47.622
8.845	46.543	50.000	47.622
8.846	46.514	50.000	47.622
8.847	46.703	50.000	47.622
8.848	46.576	50.000	47.622
8.849	46.583	50.000	47.622
8.850	46.399	50.000	47.622
8.851	46.590	50.000	47.622
8.852	46.547	50.000	47.622
8.853	46.652	50.000	47.622
8.854	46.638	50.000	47.622
8.855	46.648	50.000	47.622
8.856	46.663	50.000	47.622
8.857	46.504	50.000	47.622
8.858	46.609	50.000	47.622
8.859	46.569	50.000	47.622
8.860	46.598	50.000	47.622
8.861	46.612	50.000	47.622
8.862	46.583	50.000	47.622
8.863	46.612	50.000	47.622
8.864	46.659	50.000	47.622
8.865	46.565	50.000	47.622
8.866	46.572	50.000	47.622
8.867	46.572	50.000	47.622
8.868	46.504	50.000	47.622
8.869	46.594	50.000	47.622
8.870	46.616	50.000	47.622
8.871	46.656	50.000	47.622
8.872	46.598	50.000	47.622
8.873	46.576	50.000	47.622
8.874	46.583	50.000	47.622
8.875	46.565	50.000	47.622
8.876	46.652	50.000	47.622
8.877	46.533	50.000	47.622
8.878	46.576	50.000	47.622
8.879	46.511	50.000	47.622
8.880	46.543	50.000	47.622
8.881	46.580	50.000	47.622
8.882	46.580	50.000	47.622
8.883	46.580	50.000	47.622
8.884	46.562	50.000	47.622
8.885	46.551	50.000	47.622
8.886	46.590	50.000	47.622
8.887	46.594	50.000	47.622
8.888	46.634	50.000	47.622
8.889	46.511	50.000	47.622
8.890	46.677	50.000	47.622
8.891	46.612	50.000	47.622
8.892	46.536	50.000	47.622
8.893	46.525	50.000	47.622
8.894	46.514	50.000	47.622
8.895	46.562	50.000	47.622
8.896	46.638	50.000	47.622
8.897	46.554	50.000	47.622
8.898	46.562	50.000	47.622
8.899	46.489	50.000	47.622
8.900	46.594	50.000	47.622
8.901	46.681	50.000	47.622
8.902	46.572	50.000	47.622
8.903	46.663	50.000	47.622
8.904	46.572	50.000	47.622
8.905	46.630	50.000	47.622
8.906	46.666	50.000	47.622
8.907	46.630	50.000	47.622
8.908	46.623	50.000	47.622
8.909	46.609	50.000	47.622
8.910	46.605	50.000	47.622
8.911	46.623	50.000	47.622
8.912	46.601	50.000	47.622
8.913	46.612	50.000	47.622
8.914	46.482	50.000	47.622
8.915	46.507	50.000	47.622
8.916	46.525	50.000	47.622
8.917	46.554	50.000	47.622
8.918	46.695	50.000	47.622
8.919	46.601	50.000	47.622
8.920	46.543	50.000	47.622
8.921	46.565	50.000	47.622
8.922	46.565	50.000	47.622
8.923	46.486	50.000	47.622
8.924	46.547	50.000	47.622
8.925	46.612	50.000	47.622
8.926	46.525	50.000	47.622
8.927	46.572	50.000	47.622
8.928	46.587	50.000	47.622
8.929	46.627	50.000	47.622
8.930	46.529	50.000	47.622
8.931	46.500	50.000	47.622
8.932	46.659	50.000	47.622
8.933	46.623	50.000	47.622
8.934	46.580	50.000	47.622
8.935	46.547	50.000	47.622
8.936	46.630	50.000	47.622
8.937	46.609	50.000	47.622
8.938	46.634	50.000	47.622
8.939	46.551	50.000	47.622
8.940	46.583	50.000	47.622
8.941	46.587	50.000	47.622
8.942	46.641	50.000	47.622
8.943	46.598	50.000	47.622
8.944	46.648	50.000	47.622
8.945	46.699	50.000	47.622
8.946	46.594	50.000	47.622
8.947	46.558	50.000	47.622
8.948	46.627	50.000	47.622
8.949	46.558	50.000	47.622
8.950	46.721	50.000	47.622
8.951	46.695	50.000	47.622
8.952	46.681	50.000	47.622
8.953	46.706	50.000	47.622
8.954	46.641	50.000	47.622
8.955	46.590	50.000	47.622
8.956	46.587	50.000	47.622
8.957	46.572	50.000	47.622
8.958	46.554	50.000	47.622
8.959	46.829	50.000	47.622
8.960	46.706	50.000	47.622
8.961	46.645	50.000	47.622
8.962	46.605	50.000	47.622
8.963	46.630	50.000	47.622
8.964	46.638	50.000	47.622
8.965	46.641	50.000	47.622
8.966	46.677	50.000	47.622
8.967	46.601	50.000	47.622
8.968	46.616	50.000	47.622
8.969	46.634	50.000	47.622
8.970	46.616	50.000	47.622
8.971	46.601	50.000	47.622
8.972	46.514	50.000	47.622
8.973	46.565	50.000	47.622
8.974	46.551	50.000	47.622
8.975	46.601	50.000	47.622
8.976	46.616	50.000	47.622
8.977	46.638	50.000	47.622
8.978	46.619	50.000	47.622
8.979	46.565	50.000	47.622
8.980	46.851	50.000	47.622
8.981	46.594	50.000	47.622
8.982	46.652	50.000	47.622
8.983	46.630	50.000	47.622
8.984	46.590	50.000	47.622
8.985	46.598	50.000	47.622
8.986	46.529	50.000	47.622
8.987	46.583	50.000	47.622
8.988	46.580	50.000	47.622
8.989	46.536	50.000	47.622
8.990	46.648	50.000	47.622
8.991	46.630	50.000	47.622
8.992	46.681	50.000	47.622
8.993	46.612	50.000	47.622
8.994	46.594	50.000	47.622
8.995	46.652	50.000	47.622
8.996	46.685	50.000	47.622
8.997	46.623	50.000	47.622
8.998	46.601	50.000	47.622
8.999	46.572	50.000	47.622
9.000	46.627	50.000	47.622
9.001	46.594	50.000	47.622
9.002	46.587	50.000	47.622
9.003	46.630	50.000	47.622
9.004	46.590	50.000	47.622
9.005	46.634	50.000	47.622
9.006	46.616	50.000	47.622
9.007	46.540	50.000	47.622
9.008	46.558	50.000	47.622
9.009	46.728	50.000	47.622
9.010	46.641	50.000	47.622
9.011	46.558	50.000	47.622
9.012	46.630	50.000	47.622
9.013	46.699	50.000	47.622
9.014	46.572	50.000	47.622
9.015	46.619	50.000	47.622
9.016	46.695	50.000	47.622
9.017	46.717	50.000	47.622
9.018	46.609	50.000	47.622
9.019	46.576	50.000	47.622
9.020	46.619	50.000	47.622
9.021	46.634	50.000	47.622
9.022	46.677	50.000	47.622
9.023	46.612	50.000	47.622
9.024	46.580	50.000	47.622
9.025	46.605	50.000	47.622
9.026	46.547	50.000	47.622
9.027	46.612	50.000	47.622
9.028	46.522	50.000	47.622
9.029	46.616	50.000	47.622
9.030	46.616	50.000	47.622
9.031	46.616	50.000	47.622
9.032	46.543	50.000	47.622
9.033	46.634	50.000	47.622
9.034	46.692	50.000	47.622
9.035	46.590	50.000	47.622
9.036	46.598	50.000	47.622
9.037	46.511	50.000	47.622
9.038	46.612	50.000	47.622
9.039	46.580	50.000	47.622
9.040	46.641	50.000	47.622
9.041	46.634	50.000	47.622
9.042	46.721	50.000	47.622
9.043	46.641	50.000	47.622
9.044	46.652	50.000	47.622
9.045	46.735	50.000	47.622
9.046	46.666	50.000	47.622
9.047	46.666	50.000	47.622
9.048	46.692	50.000	47.622
9.049	46.764	50.000	47.622
9.050	46.677	50.000	47.622
9.051	46.681	50.000	47.622
9.052	46.699	50.000	47.622
9.053	46.590	50.000	47.622
9.054	46.619	50.000	47.622
9.055	46.685	50.000	47.622
9.056	46.699	50.000	47.622
9.057	46.732	50.000	47.622
9.058	46.666	50.000	47.622
9.059	46.580	50.000	47.622
9.060	46.685	50.000	47.622
9.061	46.612	50.000	47.622
9.062	46.616	50.000	47.622
9.063	46.587	50.000	47.622
9.064	46.569	50.000	47.622
9.065	46.674	50.000	47.622
9.066	46.648	50.000	47.622
9.067	46.630	50.000	47.622
9.068	46.587	50.000	47.622
9.069	46.616	50.000	47.622
9.070	46.739	50.000	47.622
9.071	46.576	50.000	47.622
9.072	46.540	50.000	47.622
9.073	46.612	50.000	47.622
9.074	46.695	50.000	47.622
9.075	46.699	50.000	47.622
9.076	46.753	50.000	47.622
9.077	46.677	50.000	47.622
9.078	46.670	50.000	47.622
9.079	46.688	50.000	47.622
9.080	46.638	50.000	47.622
9.081	46.601	50.000	47.622
9.082	46.641	50.000	47.622
9.083	46.543	50.000	47.622
9.084	46.616	50.000	47.622
9.085	46.616	50.000	47.622
9.086	46.605	50.000	47.622
9.087	46.695	50.000	47.622
9.088	46.514	50.000	47.622
9.089	46.598	50.000	47.622
9.090	46.598	50.000	47.622
9.091	46.554	50.000	47.622
9.092	46.551	50.000	47.622
9.093	46.594	50.000	47.622
9.094	46.565	50.000	47.622
9.095	46.619	50.000	47.622
9.096	46.511	50.000	47.622
9.097	46.551	50.000	47.622
9.098	46.623	50.000	47.622
9.099	46.699	50.000	47.622
9.100	46.663	50.000	47.622
9.101	46.565	50.000	47.622
9.102	46.569	50.000	47.622
9.103	46.609	50.000	47.622
9.104	46.670	50.000	47.622
9.105	46.630	50.000	47.622
9.106	46.551	50.000	47.622
9.107	46.598	50.000	47.622
9.108	46.692	50.000	47.622
9.109	46.590	50.000	47.622
9.110	46.645	50.000	47.622
9.111	46.612	50.000	47.622
9.112	46.638	50.000	47.622
9.113	46.670	50.000	47.622
9.114	46.619	50.000	47.622
9.115	46.572	50.000	47.622
9.116	46.699	50.000	47.622
9.117	46.583	50.000	47.622
9.118	46.656	50.000	47.622
9.119	46.551	50.000	47.622
9.120	46.685	50.000	47.622
9.121	46.609	50.000	47.622
9.122	46.652	50.000	47.622
9.123	46.630	50.000	47.622
9.124	46.627	50.000	47.622
9.125	46.601	50.000	47.622
9.126	46.627	50.000	47.622
9.127	46.656	50.000	47.622
9.128	46.713	50.000	47.622
9.129	46.717	50.000	47.622
9.130	46.768	50.000	47.622
9.131	46.793	50.000	47.622
9.132	46.634	50.000	47.622
9.133	46.732	50.000	47.622
9.134	46.638	50.000	47.622
9.135	46.714	50.000	47.622
9.136	46.583	50.000	47.622
9.137	46.721	50.000	47.622
9.138	46.692	50.000	47.622
9.139	46.695	50.000	47.622
9.140	46.601	50.000	47.622
9.141	46.645	50.000	47.622
9.142	46.706	50.000	47.622
9.143	46.619	50.000	47.622
9.144	46.717	50.000	47.622
9.145	46.659	50.000	47.622
9.146	46.732	50.000	47.622
9.147	46.641	50.000	47.622
9.148	46.641	50.000	47.622
9.149	46.609	50.000	47.622
9.150	46.627	50.000	47.622
9.151	46.695	50.000	47.622
9.152	46.656	50.000	47.622
9.153	46.663	50.000	47.622
9.154	46.692	50.000	47.622
9.155	46.692	50.000	47.622
9.156	46.706	50.000	47.622
9.157	46.677	50.000	47.622
9.158	46.677	50.000	47.622
9.159	46.703	50.000	47.622
9.160	46.609	50.000	47.622
9.161	46.648	50.000	47.622
9.162	46.648	50.000	47.622
9.163	46.685	50.000	47.622
9.164	46.547	50.000	47.622
9.165	46.572	50.000	47.622
9.166	46.580	50.000	47.622
9.167	46.645	50.000	47.622
9.168	46.880	50.000	47.622
9.169	46.764	50.000	47.622
9.170	46.580	50.000	47.622
9.171	46.580	50.000	47.622
9.172	46.590	50.000	47.622
9.173	46.645	50.000	47.622
9.174	46.583	50.000	47.622
9.175	46.554	50.000	47.622
9.176	46.547	50.000	47.622
9.177	46.688	50.000	47.622
9.178	46.645	50.000	47.622
9.179	46.677	50.000	47.622
9.180	46.648	50.000	47.622
9.181	46.529	50.000	47.622
9.182	46.562	50.000	47.622
9.183	46.590	50.000	47.622
9.184	46.757	50.000	47.622
9.185	46.587	50.000	47.622
9.186	46.692	50.000	47.622
9.187	46.464	50.000	47.622
9.188	46.576	50.000	47.622
9.189	46.601	50.000	47.622
9.190	46.594	50.000	47.622
9.191	46.565	50.000	47.622
9.192	46.619	50.000	47.622
9.193	46.681	50.000	47.622
9.194	46.656	50.000	47.622
9.195	46.666	50.000	47.622
9.196	46.533	50.000	47.622
9.197	46.551	50.000	47.622
9.198	46.514	50.000	47.622
9.199	46.580	50.000	47.622
9.200	46.580	50.000	47.622
9.201	46.663	50.000	47.622
9.202	46.681	50.000	47.622
9.203	46.656	50.000	47.622
9.204	46.619	50.000	47.622
9.205	46.583	50.000	47.622
9.206	46.753	50.000	47.622
9.207	46.638	50.000	47.622
9.208	46.757	50.000	47.622
9.209	46.753	50.000	47.622
9.210	46.728	50.000	47.622
9.211	46.674	50.000	47.622
9.212	46.782	50.000	47.622
9.213	46.612	50.000	47.622
9.214	46.569	50.000	47.622
9.215	46.699	50.000	47.622
9.216	46.663	50.000	47.622
9.217	46.714	50.000	47.622
9.218	46.695	50.000	47.622
9.219	46.590	50.000	47.622
9.220	46.710	50.000	47.622
9.221	46.688	50.000	47.622
9.222	46.594	50.000	47.622
9.223	46.630	50.000	47.622
9.224	46.645	50.000	47.622
9.225	46.659	50.000	47.622
9.226	46.590	50.000	47.622
9.227	46.666	50.000	47.622
9.228	46.656	50.000	47.622
9.229	46.594	50.000	47.622
9.230	46.656	50.000	47.622
9.231	46.576	50.000	47.622
9.232	46.638	50.000	47.622
9.233	46.612	50.000	47.622
9.234	46.598	50.000	47.622
9.235	46.616	50.000	47.622
9.236	46.562	50.000	47.622
9.237	46.547	50.000	47.622
9.238	46.580	50.000	47.622
9.239	46.551	50.000	47.622
9.240	46.554	50.000	47.622
9.241	46.486	50.000	47.622
9.242	46.627	50.000	47.622
9.243	46.583	50.000	47.622
9.244	46.609	50.000	47.622
9.245	46.576	50.000	47.622
9.246	46.565	50.000	47.622
9.247	46.659	50.000	47.622
9.248	46.677	50.000	47.622
9.249	46.580	50.000	47.622
9.250	46.623	50.000	47.622
9.251	46.514	50.000	47.622
9.252	46.569	50.000	47.622
9.253	46.482	50.000	47.622
9.254	46.598	50.000	47.622
9.255	46.569	50.000	47.622
9.256	46.590	50.000	47.622
9.257	46.616	50.000	47.622
9.258	46.616	50.000	47.622
9.259	46.746	50.000	47.622
9.260	46.565	50.000	47.622
9.261	46.547	50.000	47.622
9.262	46.438	50.000	47.622
9.263	46.536	50.000	47.622
9.264	46.522	50.000	47.622
9.265	46.619	50.000	47.622
9.266	46.648	50.000	47.622
9.267	46.594	50.000	47.622
9.268	46.587	50.000	47.622
9.269	46.554	50.000	47.622
9.270	46.677	50.000	47.622
9.271	46.638	50.000	47.622
9.272	46.569	50.000	47.622
9.273	46.533	50.000	47.622
9.274	46.638	50.000	47.622
9.275	46.605	50.000	47.622
9.276	46.500	50.000	47.622
9.277	46.543	50.000	47.622
9.278	46.558	50.000	47.622
9.279	46.699	50.000	47.622
9.280	46.757	50.000	47.622
9.281	46.616	50.000	47.622
9.282	46.551	50.000	47.622
9.283	46.576	50.000	47.622
9.284	46.576	50.000	47.622
9.285	46.590	50.000	47.622
9.286	46.504	50.000	47.622
9.287	46.627	50.000	47.622
9.288	46.482	50.000	47.622
9.289	46.551	50.000	47.622
9.290	46.634	50.000	47.622
9.291	46.612	50.000	47.622
9.292	46.601	50.000	47.622
9.293	46.551	50.000	47.622
9.294	46.590	50.000	47.622
9.295	46.514	50.000	47.622
9.296	46.598	50.000	47.622
9.297	46.616	50.000	47.622
9.298	46.601	50.000	47.622
9.299	46.601	50.000	47.622
9.300	46.641	50.000	47.622
9.301	46.543	50.000	47.622
9.302	46.533	50.000	47.622
9.303	46.522	50.000	47.622
9.304	46.703	50.000	47.622
9.305	46.558	50.000	47.622
9.306	46.605	50.000	47.622
9.307	46.616	50.000	47.622
9.308	46.601	50.000	47.622
9.309	46.659	50.000	47.622
9.310	46.605	50.000	47.622
9.311	46.475	50.000	47.622
9.312	46.612	50.000	47.622
9.313	46.562	50.000	47.622
9.314	46.674	50.000	47.622
9.315	46.663	50.000	47.622
9.316	46.598	50.000	47.622
9.317	46.580	50.000	47.622
9.318	46.605	50.000	47.622
9.319	46.551	50.000	47.622
9.320	46.540	50.000	47.622
9.321	46.525	50.000	47.622
9.322	46.576	50.000	47.622
9.323	46.496	50.000	47.622
9.324	46.482	50.000	47.622
9.325	46.580	50.000	47.622
9.326	46.558	50.000	47.622
9.327	46.681	50.000	47.622
9.328	46.648	50.000	47.622
9.329	46.580	50.000	47.622
9.330	46.627	50.000	47.622
9.331	46.605	50.000	47.622
9.332	46.554	50.000	47.622
9.333	46.695	50.000	47.622
9.334	46.616	50.000	47.622
9.335	46.518	50.000	47.622
9.336	46.630	50.000	47.622
9.337	46.504	50.000	47.622
9.338	46.554	50.000	47.622
9.339	46.641	50.000	47.622
9.340	46.551	50.000	47.622
9.341	46.496	50.000	47.622
9.342	46.565	50.000	47.622
9.343	46.583	50.000	47.622
9.344	46.659	50.000	47.622
9.345	46.569	50.000	47.622
9.346	46.598	50.000	47.622
9.347	46.670	50.000	47.622
9.348	46.619	50.000	47.622
9.349	46.522	50.000	47.622
9.350	46.598	50.000	47.622
9.351	46.627	50.000	47.622
9.352	46.475	50.000	47.622
9.353	46.612	50.000	47.622
9.354	46.652	50.000	47.622
9.355	46.536	50.000	47.622
9.356	46.533	50.000	47.622
9.357	46.558	50.000	47.622
9.358	46.529	50.000	47.622
9.359	46.612	50.000	47.622
9.360	46.638	50.000	47.622
9.361	46.692	50.000	47.622
9.362	46.630	50.000	47.622
9.363	46.540	50.000	47.622
9.364	46.619	50.000	47.622
9.365	46.565	50.000	47.622
9.366	46.619	50.000	47.622
9.367	46.460	50.000	47.622
9.368	46.590	50.000	47.622
9.369	46.692	50.000	47.622
9.370	46.706	50.000	47.622
9.371	46.685	50.000	47.622
9.372	46.623	50.000	47.622
9.373	46.598	50.000	47.622
9.374	46.692	50.000	47.622
9.375	46.590	50.000	47.622
9.376	46.648	50.000	47.622
9.377	46.630	50.000	47.622
9.378	46.663	50.000	47.622
9.379	46.677	50.000	47.622
9.380	46.681	50.000	47.622
9.381	46.583	50.000	47.622
9.382	46.605	50.000	47.622
9.383	46.677	50.000	47.622
9.384	46.572	50.000	47.622
9.385	46.634	50.000	47.622
9.386	46.648	50.000	47.622
9.387	46.652	50.000	47.622
9.388	46.648	50.000	47.622
9.389	46.652	50.000	47.622
9.390	46.572	50.000	47.622
9.391	46.551	50.000	47.622
9.392	46.612	50.000	47.622
9.393	46.648	50.000	47.622
9.394	46.659	50.000	47.622
9.395	46.623	50.000	47.622
9.396	46.605	50.000	47.622
9.397	46.612	50.000	47.622
9.398	46.543	50.000	47.622
9.399	46.562	50.000	47.622
9.400	46.641	50.000	47.622
9.401	46.656	50.000	47.622
9.402	46.543	50.000	47.622
9.403	46.699	50.000	47.622
9.404	46.659	50.000	47.622
9.405	46.670	50.000	47.622
9.406	46.630	50.000	47.622
9.407	46.612	50.000	47.622
9.408	46.572	50.000	47.622
9.409	46.688	50.000	47.622
9.410	46.699	50.000	47.622
9.411	46.717	50.000	47.622
9.412	46.674	50.000	47.622
9.413	46.601	50.000	47.622
9.414	46.551	50.000	47.622
9.415	46.558	50.000	47.622
9.416	46.601	50.000	47.622
9.417	46.630	50.000	47.622
9.418	46.630	50.000	47.622
9.419	46.587	50.000	47.622
9.420	46.619	50.000	47.622
9.421	46.583	50.000	47.622
9.422	46.638	50.000	47.622
9.423	46.612	50.000	47.622
9.424	46.565	50.000	47.622
9.425	46.572	50.000	47.622
9.426	46.536	50.000	47.622
9.427	46.572	50.000	47.622
9.428	46.605	50.000	47.622
9.429	46.627	50.000	47.622
9.430	46.623	50.000	47.622
9.431	46.583	50.000	47.622
9.432	46.580	50.000	47.622
9.433	46.601	50.000	47.622
9.434	46.576	50.000	47.622
9.435	46.522	50.000	47.622
9.436	46.580	50.000	47.622
9.437	46.496	50.000	47.622
9.438	46.569	50.000	47.622
9.439	46.612	50.000	47.622
9.440	46.656	50.000	47.622
9.441	46.569	50.000	47.622
9.442	46.739	50.000	47.622
9.443	46.706	50.000	47.622
9.444	46.493	50.000	47.622
9.445	46.663	50.000	47.622
9.446	46.609	50.000	47.622
9.447	46.659	50.000	47.622
9.448	46.612	50.000	47.622
9.449	46.518	50.000	47.622
9.450	46.703	50.000	47.622
9.451	46.728	50.000	47.622
9.452	46.674	50.000	47.622
9.453	46.587	50.000	47.622
9.454	46.583	50.000	47.622
9.455	46.562	50.000	47.622
9.456	46.761	50.000	47.622
9.457	46.648	50.000	47.622
9.458	46.724	50.000	47.622
9.459	46.670	50.000	47.622
9.460	46.663	50.000	47.622
9.461	46.562	50.000	47.622
9.462	46.645	50.000	47.622
9.463	46.572	50.000	47.622
9.464	46.670	50.000	47.622
9.465	46.638	50.000	47.622
9.466	46.583	50.000	47.622
9.467	46.663	50.000	47.622
9.468	46.714	50.000	47.622
9.469	46.525	50.000	47.622
9.470	46.605	50.000	47.622
9.471	46.565	50.000	47.622
9.472	46.536	50.000	47.622
9.473	46.619	50.000	47.622
9.474	46.746	50.000	47.622
9.475	46.507	50.000	47.622
9.476	46.692	50.000	47.622
9.477	46.562	50.000	47.622
9.478	46.590	50.000	47.622
9.479	46.587	50.000	47.622
9.480	46.540	50.000	47.622
9.481	46.554	50.000	47.622
9.482	46.619	50.000	47.622
9.483	46.634	50.000	47.622
9.484	46.674	50.000	47.622
9.485	46.612	50.000	47.622
9.486	46.623	50.000	47.622
9.487	46.576	50.000	47.622
9.488	46.554	50.000	47.622
9.489	46.706	50.000	47.622
9.490	46.645	50.000	47.622
9.491	46.540	50.000	47.622
9.492	46.576	50.000	47.622
9.493	46.569	50.000	47.622
9.494	46.529	50.000	47.622
9.495	46.583	50.000	47.622
9.496	46.652	50.000	47.622
9.497	46.533	50.000	47.622
9.498	46.619	50.000	47.622
9.499	46.522	50.000	47.622
9.500	46.504	50.000	47.622
9.501	46.677	50.000	47.622
9.502	46.656	50.000	47.622
9.503	46.677	50.000	47.622
9.504	46.558	50.000	47.622
9.505	46.663	50.000	47.622
9.506	46.638	50.000	47.622
9.507	46.417	50.000	47.622
9.508	46.482	50.000	47.622
9.509	46.677	50.000	47.622
9.510	46.638	50.000	47.622
9.511	46.627	50.000	47.622
9.512	46.663	50.000	47.622
9.513	46.656	50.000	47.622
9.514	46.627	50.000	47.622
9.515	46.616	50.000	47.622
9.516	46.493	50.000	47.622
9.517	46.558	50.000	47.622
9.518	46.583	50.000	47.622
9.519	46.576	50.000	47.622
9.520	46.630	50.000	47.622
9.521	46.594	50.000	47.622
9.522	46.688	50.000	47.622
9.523	46.641	50.000	47.622
9.524	46.616	50.000	47.622
9.525	46.547	50.000	47.622
9.526	46.645	50.000	47.622
9.527	46.674	50.000	47.622
9.528	46.580	50.000	47.622
9.529	46.623	50.000	47.622
9.530	46.609	50.000	47.622
9.531	46.619	50.000	47.622
9.532	46.562	50.000	47.622
9.533	46.623	50.000	47.622
9.534	46.562	50.000	47.622
9.535	46.518	50.000	47.622
9.536	46.619	50.000	47.622
9.537	46.627	50.000	47.622
9.538	46.641	50.000	47.622
9.539	46.703	50.000	47.622
9.540	46.710	50.000	47.622
9.541	46.674	50.000	47.622
9.542	46.623	50.000	47.622
9.543	46.627	50.000	47.622
9.544	46.652	50.000	47.622
9.545	46.674	50.000	47.622
9.546	46.670	50.000	47.622
9.547	46.630	50.000	47.622
9.548	46.583	50.000	47.622
9.549	46.616	50.000	47.622
9.550	46.558	50.000	47.622
9.551	46.598	50.000	47.622
9.552	46.659	50.000	47.622
9.553	46.652	50.000	47.622
9.554	46.652	50.000	47.622
9.555	46.612	50.000	47.622
9.556	46.703	50.000	47.622
9.557	46.601	50.000	47.622
9.558	46.583	50.000	47.622
9.559	46.648	50.000	47.622
9.560	46.609	50.000	47.622
9.561	46.666	50.000	47.622
9.562	46.659	50.000	47.622
9.563	46.616	50.000	47.622
9.564	46.663	50.000	47.622
9.565	46.572	50.000	47.622
9.566	46.605	50.000	47.622
9.567	46.638	50.000	47.622
9.568	46.605	50.000	47.622
9.569	46.674	50.000	47.622
9.570	46.648	50.000	47.622
9.571	46.710	50.000	47.622
9.572	46.627	50.000	47.622
9.573	46.583	50.000	47.622
9.574	46.721	50.000	47.622
9.575	46.616	50.000	47.622
9.576	46.558	50.000	47.622
9.577	46.583	50.000	47.622
9.578	46.616	50.000	47.622
9.579	46.659	50.000	47.622
9.580	46.594	50.000	47.622
9.581	46.511	50.000	47.622
9.582	46.590	50.000	47.622
9.583	46.543	50.000	47.622
9.584	46.554	50.000	47.622
9.585	46.605	50.000	47.622
9.586	46.554	50.000	47.622
9.587	46.659	50.000	47.622
9.588	46.761	50.000	47.622
9.589	46.554	50.000	47.622
9.590	46.554	50.000	47.622
9.591	46.590	50.000	47.622
9.592	46.656	50.000	47.622
9.593	46.551	50.000	47.622
9.594	46.692	50.000	47.622
9.595	46.666	50.000	47.622
9.596	46.529	50.000	47.622
9.597	46.609	50.000	47.622
9.598	46.605	50.000	47.622
9.599	46.659	50.000	47.622
9.600	46.663	50.000	47.622
9.601	46.580	50.000	47.622
9.602	46.630	50.000	47.622
9.603	46.554	50.000	47.622
9.604	46.522	50.000	47.622
9.605	46.471	50.000	47.622
9.606	46.572	50.000	47.622
9.607	46.634	50.000	47.622
9.608	46.623	50.000	47.622
9.609	46.547	50.000	47.622
9.610	46.663	50.000	47.622
9.611	46.569	50.000	47.622
9.612	46.609	50.000	47.622
9.613	46.558	50.000	47.622
9.614	46.547	50.000	47.622
9.615	46.648	50.000	47.622
9.616	46.609	50.000	47.622
9.617	46.659	50.000	47.622
9.618	46.587	50.000	47.622
9.619	46.674	50.000	47.622
9.620	46.656	50.000	47.622
9.621	46.590	50.000	47.622
9.622	46.685	50.000	47.622
9.623	46.652	50.000	47.622
9.624	46.656	50.000	47.622
9.625	46.645	50.000	47.622
9.626	46.677	50.000	47.622
9.627	46.688	50.000	47.622
9.628	46.652	50.000	47.622
9.629	46.677	50.000	47.622
9.630	46.703	50.000	47.622
9.631	46.562	50.000	47.622
9.632	46.670	50.000	47.622
9.633	46.710	50.000	47.622
9.634	46.742	50.000	47.622
9.635	46.666	50.000	47.622
9.636	46.706	50.000	47.622
9.637	46.652	50.000	47.622
9.638	46.576	50.000	47.622
9.639	46.590	50.000	47.622
9.640	46.522	50.000	47.622
9.641	46.587	50.000	47.622
9.642	46.601	50.000	47.622
9.643	46.609	50.000	47.622
9.644	46.576	50.000	47.622
9.645	46.554	50.000	47.622
9.646	46.590	50.000	47.622
9.647	46.605	50.000	47.622
9.648	46.619	50.000	47.622
9.649	46.598	50.000	47.622
9.650	46.609	50.000	47.622
9.651	46.558	50.000	47.622
9.652	46.562	50.000	47.622
9.653	46.609	50.000	47.622
9.654	46.583	50.000	47.622
9.655	46.663	50.000	47.622
9.656	46.619	50.000	47.622
9.657	46.761	50.000	47.622
9.658	46.630	50.000	47.622
9.659	46.587	50.000	47.622
9.660	46.533	50.000	47.622
9.661	46.471	50.000	47.622
9.662	46.609	50.000	47.622
9.663	46.475	50.000	47.622
9.664	46.699	50.000	47.622
9.665	46.663	50.000	47.622
9.666	46.536	50.000	47.622
9.667	46.543	50.000	47.622
9.668	46.562	50.000	47.622
9.669	46.616	50.000	47.622
9.670	46.525	50.000	47.622
9.671	46.583	50.000	47.622
9.672	46.580	50.000	47.622
9.673	46.594	50.000	47.622
9.674	46.619	50.000	47.622
9.675	46.601	50.000	47.622
9.676	46.457	50.000	47.622
9.677	46.547	50.000	47.622
9.678	46.551	50.000	47.622
9.679	46.504	50.000	47.622
9.680	46.540	50.000	47.622
9.681	46.547	50.000	47.622
9.682	46.590	50.000	47.622
9.683	46.648	50.000	47.622
9.684	46.558	50.000	47.622
9.685	46.460	50.000	47.622
9.686	46.565	50.000	47.622
9.687	46.572	50.000	47.622
9.688	46.609	50.000	47.622
9.689	46.692	50.000	47.622
9.690	46.565	50.000	47.622
9.691	46.572	50.000	47.622
9.692	46.761	50.000	47.622
9.693	46.420	50.000	47.622
9.694	46.576	50.000	47.622
9.695	46.616	50.000	47.622
9.696	46.616	50.000	47.622
9.697	46.580	50.000	47.622
9.698	46.565	50.000	47.622
9.699	46.638	50.000	47.622
9.700	46.580	50.000	47.622
9.701	46.659	50.000	47.622
9.702	46.605	50.000	47.622
9.703	46.663	50.000	47.622
9.704	46.634	50.000	47.622
9.705	46.706	50.000	47.622
9.706	46.666	50.000	47.622
9.707	46.656	50.000	47.622
9.708	46.609	50.000	47.622
9.709	46.601	50.000	47.622
9.710	46.634	50.000	47.622
9.711	46.580	50.000	47.622
9.712	46.761	50.000	47.622
9.713	46.677	50.000	47.622
9.714	46.724	50.000	47.622
9.715	46.601	50.000	47.622
9.716	46.630	50.000	47.622
9.717	46.677	50.000	47.622
9.718	46.623	50.000	47.622
9.719	46.587	50.000	47.622
9.720	46.681	50.000	47.622
9.721	46.645	50.000	47.622
9.722	46.692	50.000	47.622
9.723	46.565	50.000	47.622
9.724	46.543	50.000	47.622
9.725	46.522	50.000	47.622
9.726	46.587	50.000	47.622
9.727	46.525	50.000	47.622
9.728	46.543	50.000	47.622
9.729	46.609	50.000	47.622
9.730	46.619	50.000	47.622
9.731	46.728	50.000	47.622
9.732	46.583	50.000	47.622
9.733	46.706	50.000	47.622
9.734	46.663	50.000	47.622
9.735	46.565	50.000	47.622
9.736	46.565	50.000	47.622
9.737	46.677	50.000	47.622
9.738	46.605	50.000	47.622
9.739	46.804	50.000	47.622
9.740	46.605	50.000	47.622
9.741	46.569	50.000	47.622
9.742	46.580	50.000	47.622
9.743	46.605	50.000	47.622
9.744	46.605	50.000	47.622
9.745	46.630	50.000	47.622
9.746	46.565	50.000	47.622
9.747	46.522	50.000	47.622
9.748	46.630	50.000	47.622
9.749	46.543	50.000	47.622
9.750	46.605	50.000	47.622
9.751	46.576	50.000	47.622
9.752	46.641	50.000	47.622
9.753	46.666	50.000	47.622
9.754	46.500	50.000	47.622
9.755	46.583	50.000	47.622
9.756	46.565	50.000	47.622
9.757	46.554	50.000	47.622
9.758	46.583	50.000	47.622
9.759	46.612	50.000	47.622
9.760	46.565	50.000	47.622
9.761	46.724	50.000	47.622
9.762	46.612	50.000	47.622
9.763	46.507	50.000	47.622
9.764	46.714	50.000	47.622
9.765	46.587	50.000	47.622
9.766	46.547	50.000	47.622
9.767	46.569	50.000	47.622
9.768	46.735	50.000	47.622
9.769	46.685	50.000	47.622
9.770	46.634	50.000	47.622
9.771	46.659	50.000	47.622
9.772	46.514	50.000	47.622
9.773	46.543	50.000	47.622
9.774	46.565	50.000	47.622
9.775	46.551	50.000	47.622
9.776	46.685	50.000	47.622
9.777	46.583	50.000	47.622
9.778	46.522	50.000	47.622
9.779	46.699	50.000	47.622
9.780	46.533	50.000	47.622
9.781	46.623	50.000	47.622
9.782	46.656	50.000	47.622
9.783	46.576	50.000	47.622
9.784	46.576	50.000	47.622
9.785	46.685	50.000	47.622
9.786	46.695	50.000	47.622
9.787	46.663	50.000	47.622
9.788	46.732	50.000	47.622
9.789	46.583	50.000	47.622
9.790	46.666	50.000	47.622
9.791	46.677	50.000	47.622
9.792	46.634	50.000	47.622
9.793	46.630	50.000	47.622
9.794	46.710	50.000	47.622
9.795	46.670	50.000	47.622
9.796	46.623	50.000	47.622
9.797	46.630	50.000	47.622
9.798	46.580	50.000	47.622
9.799	46.612	50.000	47.622
9.800	46.598	50.000	47.622
9.801	46.627	50.000	47.622
9.802	46.504	50.000	47.622
9.803	46.547	50.000	47.622
9.804	46.627	50.000	47.622
9.805	46.594	50.000	47.622
9.806	46.598	50.000	47.622
9.807	46.551	50.000	47.622
9.808	46.551	50.000	47.622
9.809	46.670	50.000	47.622
9.810	46.587	50.000	47.622
9.811	46.543	50.000	47.622
9.812	46.482	50.000	47.622
9.813	46.623	50.000	47.622
9.814	46.540	50.000	47.622
9.815	46.580	50.000	47.622
9.816	46.630	50.000	47.622
9.817	46.612	50.000	47.622
9.818	46.746	50.000	47.622
9.819	46.692	50.000	47.622
9.820	46.710	50.000	47.622
9.821	46.522	50.000	47.622
9.822	46.569	50.000	47.622
9.823	46.797	50.000	47.622
9.824	46.627	50.000	47.622
9.825	46.757	50.000	47.622
9.826	46.522	50.000	47.622
9.827	46.457	50.000	47.622
9.828	46.533	50.000	47.622
9.829	46.656	50.000	47.622
9.830	46.522	50.000	47.622
9.831	46.659	50.000	47.622
9.832	46.518	50.000	47.622
9.833	46.594	50.000	47.622
9.834	46.576	50.000	47.622
9.835	46.504	50.000	47.622
9.836	46.518	50.000	47.622
9.837	46.496	50.000	47.622
9.838	46.605	50.000	47.622
9.839	46.467	50.000	47.622
9.840	46.580	50.000	47.622
9.841	46.449	50.000	47.622
9.842	46.518	50.000	47.622
9.843	46.616	50.000	47.622
9.844	46.601	50.000	47.622
9.845	46.525	50.000	47.622
9.846	46.594	50.000	47.622
9.847	46.706	50.000	47.622
9.848	46.583	50.000	47.622
9.849	46.616	50.000	47.622
